
0.5 -20 0.987426 0.0125737 0.989059 0.0109477 12.257 12.6003 2.36 4.17 4.77
0.5 -19.9 0.986765 0.0132349 0.988436 0.0115639 12.2556 12.6003 2.36 4.17 4.79
0.5 -19.8 0.986068 0.0139318 0.98768 0.0123204 12.2542 12.6004 2.36 4.17 4.83
0.5 -19.7 0.985333 0.0146665 0.987045 0.0129537 12.2529 12.6004 2.36 4.17 4.83
0.5 -19.6 0.984559 0.0154411 0.986377 0.0136236 12.2517 12.6005 2.36 4.18 4.84
0.5 -19.5 0.983742 0.0162579 0.985675 0.0143247 12.2503 12.6005 2.36 4.18 4.84
0.5 -19.4 0.982881 0.0171193 0.984936 0.0150637 12.2488 12.6006 2.36 4.18 4.84
0.5 -19.3 0.981972 0.018028 0.984124 0.0158761 12.2473 12.6006 2.36 4.18 4.85
0.5 -19.2 0.981013 0.0189867 0.983303 0.0166968 12.2456 12.6007 2.36 4.18 4.85
0.5 -19.1 0.980002 0.0199984 0.98244 0.0175598 12.2439 12.6008 2.36 4.18 4.85
0.5 -19 0.978934 0.0210662 0.981491 0.0185088 12.2421 12.6008 2.36 4.18 4.86
0.5 -18.9 0.977807 0.0221935 0.980533 0.0194664 12.2402 12.6009 2.36 4.18 4.86
0.5 -18.8 0.976616 0.0233839 0.979526 0.020474 12.2382 12.601 2.36 4.18 4.86
0.5 -18.7 0.975359 0.0246412 0.978411 0.021587 12.2361 12.6011 2.36 4.17 4.87
0.5 -18.6 0.97403 0.0259696 0.977299 0.022703 12.234 12.6013 2.37 4.17 4.87
0.5 -18.5 0.972627 0.0273735 0.97604 0.0239582 12.2315 12.6014 2.37 4.17 4.87
0.5 -18.4 0.971142 0.0288576 0.97479 0.0252101 12.2291 12.6016 2.37 4.17 4.88
0.5 -18.3 0.969573 0.030427 0.973488 0.0265116 12.2265 12.6017 2.37 4.17 4.89
0.5 -18.2 0.967913 0.0320872 0.972045 0.0279532 12.2237 12.6019 2.37 4.17 4.89
0.5 -18.1 0.966156 0.0338442 0.970538 0.0294597 12.2208 12.6022 2.37 4.17 4.89
0.5 -18 0.964296 0.0357041 0.969006 0.0309911 12.2178 12.6024 2.37 4.18 4.9
0.5 -17.9 0.962326 0.0376741 0.967325 0.032674 12.2147 12.6027 2.37 4.18 4.91
0.5 -17.8 0.960239 0.0397614 0.965626 0.0343732 12.2113 12.603 2.37 4.18 4.91
0.5 -17.7 0.958026 0.0419741 0.963755 0.0362454 12.2078 12.6033 2.37 4.18 4.92
0.5 -17.6 0.955679 0.044321 0.961783 0.0382176 12.2041 12.6037 2.37 4.18 4.93
0.5 -17.5 0.953188 0.0468116 0.959779 0.0402228 12.2003 12.6041 2.38 4.18 4.94
0.5 -17.4 0.950544 0.0494563 0.957551 0.0424501 12.1961 12.6046 2.38 4.18 4.94
0.5 -17.3 0.947734 0.0522664 0.955241 0.0447601 12.1917 12.6051 2.38 4.18 4.95
0.5 -17.2 0.944746 0.0552543 0.9528 0.0472008 12.1871 12.6057 2.38 4.18 4.96
0.5 -17.1 0.941566 0.0584336 0.950224 0.0497767 12.1822 12.6064 2.38 4.18 4.97
0.5 -17 0.938181 0.0618193 0.947495 0.0525022 12.177 12.6072 2.38 4.17 4.98
0.5 -16.9 0.934572 0.0654279 0.94454 0.0554594 12.1717 12.608 2.38 4.18 4.99
0.5 -16.8 0.930722 0.0692778 0.94159 0.0584123 12.1661 12.609 2.39 4.18 5
0.5 -16.7 0.926611 0.0733893 0.938336 0.0616612 12.1599 12.6101 2.39 4.18 5.02
0.5 -16.6 0.922215 0.0777852 0.934815 0.0651843 12.1536 12.6113 2.39 4.18 5.02
0.5 -16.5 0.917509 0.0824908 0.93139 0.0686095 12.147 12.6127 2.39 4.18 5.04
0.5 -16.4 0.912465 0.0875348 0.927382 0.0726148 12.1398 12.6143 2.39 4.18 5.05
0.5 -16.3 0.907051 0.0929494 0.923397 0.0765998 12.1323 12.6161 2.4 4.18 5.07
0.5 -16.2 0.901229 0.0987714 0.919036 0.0809646 12.1245 12.6182 2.4 4.18 5.09
0.5 -16.1 0.894957 0.105043 0.914371 0.0856282 12.1161 12.6205 2.4 4.19 5.11
0.5 -16 0.888188 0.111812 0.90939 0.0906066 12.1072 12.6232 2.41 4.18 5.12
0.5 -15.9 0.880866 0.119134 0.904385 0.0956138 12.098 12.6263 2.41 4.19 5.14
0.5 -15.8 0.872924 0.127076 0.898952 0.101048 12.0882 12.6299 2.41 4.19 5.16
0.5 -15.7 0.864287 0.135713 0.893028 0.106969 12.0777 12.6341 2.42 4.19 5.18
0.5 -15.6 0.854863 0.145137 0.886864 0.113135 12.0667 12.6389 2.42 4.2 5.2
0.5 -15.5 0.844542 0.155458 0.880268 0.119729 12.055 12.6445 2.43 4.2 5.22
0.5 -15.4 0.833191 0.166809 0.873408 0.126594 12.0427 12.6511 2.43 4.2 5.24
0.5 -15.3 0.820643 0.179357 0.865993 0.134004 12.0295 12.6589 2.44 4.2 5.26
0.5 -15.2 0.806691 0.193309 0.858244 0.141755 12.0156 12.6682 2.44 4.21 5.28
0.5 -15.1 0.791069 0.208931 0.849952 0.150045 12.0009 12.6793 2.45 4.21 5.3
0.5 -15 0.773427 0.226573 0.841074 0.158926 11.9855 12.6929 2.45 4.22 5.32
0.5 -14.9 0.753293 0.246707 0.831922 0.168076 11.9689 12.7095 2.46 4.22 5.34
0.5 -14.8 0.730011 0.269989 0.821925 0.178075 11.9515 12.7302 2.47 4.23 5.36
0.5 -14.7 0.702628 0.297372 0.811384 0.188614 11.9328 12.7567 2.48 4.23 5.38
0.5 -14.6 0.669692 0.330308 0.80005 0.19995 11.9132 12.7912 2.49 4.24 5.4
0.5 -14.5 0.62887 0.37113 0.787956 0.212044 11.8923 12.8379 2.5 4.25 5.42
0.5 -14.4 0.576244 0.423756 0.774964 0.225036 11.8701 12.9035 2.52 4.25 5.44
0.5 -14.3 0.505656 0.494344 0.737511 0.26249 11.8411 12.9989 2.56 4.24 5.88
0.5 -14.2 0.414212 0.585788 0.705825 0.294178 11.8126 13.128 2.56 4.25 6.15
0.5 -14.1 0.323268 0.676732 0.688261 0.311739 11.7823 13.2466 2.57 4.26 6.17
0.5 -14 0.255972 0.744028 0.580707 0.419298 11.7337 13.3099 2.53 4.28 7.62
0.5 -13.9 0.208883 0.791117 0.563106 0.436895 11.6907 13.3272 2.54 4.29 7.64
0.5 -13.8 0.17447 0.82553 0.533048 0.466959 11.6431 13.3151 2.55 4.32 7.96
0.5 -13.7 0.148141 0.851859 0.514188 0.485819 11.5951 13.2839 2.57 4.34 8
0.5 -13.6 0.127285 0.872715 0.485282 0.51472 11.5411 13.2393 2.58 4.37 8.32
0.5 -13.5 0.110338 0.889662 0.430347 0.569654 11.4748 13.1851 2.58 4.4 9.69
0.5 -13.4 0.0963014 0.903699 0.382437 0.617565 11.4104 13.1234 2.6 4.44 11.29
0.5 -13.3 0.0845037 0.915496 0.22242 0.777589 11.2557 13.0561 2.34 6.79 13.64
0.5 -13.2 0.0744735 0.925527 0.2103 0.789709 11.177 12.9841 2.34 6.84 13.69
0.5 -13.1 0.0658675 0.934132 0.192359 0.80765 11.0935 12.9083 2.36 7.37 14.22
0.5 -13 0.0584284 0.941572 0.182568 0.817435 11.0118 12.8294 2.36 7.41 14.26
0.5 -12.9 0.0519583 0.948042 0.173275 0.826728 10.9293 12.7478 2.36 7.45 14.3
0.5 -12.8 0.0463022 0.953698 0.16425 0.835749 10.8459 12.664 2.36 7.47 14.32
0.5 -12.7 0.0413362 0.958664 0.144198 0.855801 10.7485 12.5783 2.35 7.49 14.34
0.5 -12.6 0.0369603 0.96304 0.133749 0.866256 10.6563 12.491 2.37 7.95 14.8
0.5 -12.5 0.0330921 0.966908 0.126714 0.873292 10.5682 12.4022 2.37 8.04 14.89
0.5 -12.4 0.0296634 0.970337 0.119683 0.880324 10.4788 12.3122 2.38 8.17 15.02
0.5 -12.3 0.0266173 0.973383 0.109544 0.89046 10.3801 12.2211 2.4 9.15 16
0.5 -12.2 0.0239055 0.976094 0.104042 0.895959 10.2905 12.1291 2.41 9.17 16.02
0.5 -12.1 0.0214871 0.978513 0.0966438 0.903357 10.2003 12.0362 2.43 9.19 16.04
