0 0 0.0307824 0.901527 0.0110507 0.0823461 0.0507651 8.37362e-09
0 0.13125 0.0404465 0.798615 0.0178312 0.1153 0.0613304 1.09061e-08
0 0.2625 0.0658269 0.599642 0.0376065 0.187986 0.0826973 1.64725e-08
0 0.39375 0.118294 0.357744 0.0763906 0.288196 0.10464 2.33734e-08
0 0.525 0.216504 0.188091 0.111692 0.331475 0.0975789 2.57976e-08
0 0.65625 0.400095 0.100352 0.111939 0.272528 0.0621906 2.16942e-08
0 0.7875 0.634668 0.0545257 0.0858861 0.175332 0.0296948 1.44605e-08
0 0.91875 0.816331 0.0330257 0.0634627 0.109393 0.0141037 9.26567e-09
0 1.05 0.914316 0.0243199 0.0516958 0.0763661 0.00847807 6.77896e-09
0 1.18125 0.937694 0.0224863 0.0498703 0.0662253 0.0075299 6.21943e-09
0 1.3125 0.895904 0.0256939 0.0586466 0.0729655 0.0102373 7.3381e-09
0 1.44375 0.784172 0.0341557 0.0825387 0.0943179 0.0196823 1.07733e-08
0 1.575 0.596883 0.0476773 0.132722 0.130047 0.0462178 1.80278e-08
0 1.70625 0.363603 0.0600794 0.22218 0.171038 0.10956 2.95803e-08
0 1.8375 0.185811 0.0607347 0.322049 0.179512 0.207536 4.04997e-08
0 1.96875 0.0977582 0.0538795 0.393207 0.148925 0.306877 4.77733e-08
0 2.1 0.0587743 0.0460393 0.435582 0.10806 0.386812 5.23205e-08
0 2.23125 0.0416983 0.0395798 0.459331 0.0755124 0.43972 5.51123e-08
0 2.3625 0.0342518 0.0351231 0.473767 0.0556507 0.467194 5.6805e-08
0 2.49375 0.0314118 0.0327261 0.483705 0.0461985 0.475461 5.77889e-08
0 2.625 0.0312977 0.0322982 0.489159 0.0443005 0.471791 5.82413e-08
0 2.75625 0.0333109 0.0338653 0.486641 0.0489268 0.462422 5.81835e-08
0 2.8875 0.0372969 0.0379822 0.470768 0.0611923 0.451053 5.75147e-08
0 3.01875 0.0431566 0.0466058 0.435789 0.0834415 0.437446 5.60014e-08
0 3.15 0.0506405 0.0650244 0.377365 0.116467 0.416377 5.32369e-08
0 3.28125 0.0590246 0.105983 0.295431 0.154052 0.378029 4.8578e-08
0 3.4125 0.0658611 0.196958 0.197788 0.177584 0.311518 4.10525e-08
0 3.54375 0.0643266 0.375366 0.10405 0.162709 0.216707 2.98011e-08
0 3.675 0.0509033 0.599401 0.0447561 0.121431 0.132631 1.8192e-08
0 3.80625 0.0367876 0.774525 0.0197142 0.0874442 0.085186 1.09241e-08
0 3.9375 0.0277688 0.877643 0.0104793 0.0666087 0.062009 7.36509e-09
0 4.06875 0.0236973 0.921325 0.00745781 0.0568929 0.0525692 5.97252e-09
0.075 0 0.0327621 0.881217 0.0125926 0.0840581 0.0553624 9.08264e-09
0.075 0.13125 0.0425332 0.778478 0.0200273 0.116999 0.0665155 1.17346e-08
0.075 0.2625 0.0677523 0.581354 0.0413386 0.189289 0.0889387 1.74761e-08
0.075 0.39375 0.11858 0.345953 0.0819475 0.286901 0.111245 2.43732e-08
0.075 0.525 0.213014 0.183852 0.117973 0.327864 0.103258 2.66836e-08
0.075 0.65625 0.390688 0.100034 0.118139 0.271087 0.0664945 2.25611e-08
0.075 0.7875 0.621433 0.0556003 0.0909185 0.176136 0.0322776 1.52106e-08
0.075 0.91875 0.802233 0.0342933 0.0672592 0.111284 0.0155785 9.84148e-09
0.075 1.05 0.899884 0.0255748 0.0547477 0.0792551 0.00948901 7.25088e-09
0.075 1.18125 0.921684 0.0238262 0.052585 0.0703072 0.00847758 6.67509e-09
0.075 1.3125 0.876684 0.0273115 0.0613621 0.0785268 0.0114788 7.86241e-09
0.075 1.44375 0.761579 0.0362623 0.0855986 0.101733 0.0217676 1.14439e-08
0.075 1.575 0.573431 0.0503012 0.136211 0.139523 0.0500174 1.88392e-08
0.075 1.70625 0.346254 0.0626677 0.223672 0.180778 0.114912 3.01624e-08
0.075 1.8375 0.178934 0.0632529 0.317709 0.186967 0.211446 4.0551e-08
0.075 1.96875 0.0959691 0.0565078 0.385009 0.154906 0.308538 4.75558e-08
0.075 2.1 0.0587804 0.0485024 0.426297 0.113084 0.386813 5.20272e-08
0.075 2.23125 0.0422991 0.0416399 0.45081 0.079753 0.438704 5.4827e-08
0.075 2.3625 0.0350728 0.0367327 0.466865 0.0593288 0.465375 5.65482e-08
0.075 2.49375 0.0323997 0.033979 0.47853 0.0495837 0.472614 5.755e-08
0.075 2.625 0.0325385 0.0333355 0.485382 0.0476325 0.467493 5.79986e-08
0.075 2.75625 0.0349451 0.0348034 0.483769 0.0524148 0.456318 5.79151e-08
0.075 2.8875 0.0394415 0.0388581 0.468431 0.065042 0.443086 5.72061e-08
0.075 3.01875 0.0458027 0.047307 0.434002 0.087818 0.428076 5.56587e-08
0.075 3.15 0.0535634 0.0651252 0.376652 0.121405 0.40678 5.2904e-08
0.075 3.28125 0.0618116 0.104296 0.296603 0.15954 0.370171 4.83595e-08
0.075 3.4125 0.0681852 0.190478 0.201314 0.184024 0.307884 4.1139e-08
0.075 3.54375 0.0664712 0.360002 0.108832 0.17072 0.218461 3.03923e-08
0.075 3.675 0.0529624 0.579994 0.0480797 0.128901 0.135871 1.89436e-08
0.075 3.80625 0.038404 0.756809 0.0215563 0.0933236 0.0878945 1.15247e-08
0.075 3.9375 0.0290075 0.863395 0.011583 0.0713251 0.0642445 7.82162e-09
0.075 4.06875 0.0247456 0.909666 0.00828201 0.0610289 0.0545874 6.35676e-09
0.15 0 0.0368308 0.838922 0.0161457 0.0877633 0.0651804 1.06362e-08
0.15 0.13125 0.0467283 0.736964 0.0249866 0.120656 0.0775572 1.35234e-08
0.15 0.2625 0.0713838 0.544348 0.0494763 0.191959 0.102071 1.95784e-08
0.15 0.39375 0.118667 0.322861 0.0934859 0.283975 0.124762 2.63875e-08
0.15 0.525 0.205667 0.175447 0.130733 0.320573 0.11487 2.84586e-08
0.15 0.65625 0.371387 0.0992147 0.130864 0.268279 0.0755613 2.43292e-08
0.15 0.7875 0.593694 0.0576927 0.101472 0.178089 0.0379453 1.67926e-08
0.15 0.91875 0.772193 0.0368875 0.0752878 0.115446 0.018913 1.10825e-08
0.15 1.05 0.868867 0.0282066 0.0612189 0.0853681 0.0118214 8.2784e-09
0.15 1.18125 0.88766 0.0266776 0.0583384 0.0787679 0.0106746 7.66544e-09
0.15 1.3125 0.836911 0.0307778 0.0670754 0.089958 0.0143147 8.98536e-09
0.15 1.44375 0.716094 0.0407798 0.0918857 0.116905 0.0263781 1.28391e-08
0.15 1.575 0.52762 0.0558867 0.142879 0.158555 0.0579914 2.04341e-08
0.15 1.70625 0.314425 0.0682442 0.225165 0.199205 0.125087 3.1166e-08
0.15 1.8375 0.166576 0.0689478 0.308055 0.200778 0.218242 4.05558e-08
0.15 1.96875 0.0927805 0.0624634 0.368268 0.166137 0.310831 4.70646e-08
0.15 2.1 0.0589049 0.0540275 0.407598 0.12279 0.38587 5.13967e-08
0.15 2.23125 0.0435503 0.0461927 0.433654 0.0882274 0.435873 5.42194e-08
0.15 2.3625 0.0367626 0.0402224 0.45289 0.0669008 0.461111 5.60031e-08
0.15 2.49375 0.0344536 0.0366364 0.467922 0.0566783 0.466455 5.70443e-08
0.15 2.625 0.0351667 0.0354907 0.477444 0.0546312 0.458557 5.74853e-08
0.15 2.75625 0.0384794 0.0367252 0.477485 0.0596454 0.443864 5.73461e-08
0.15 2.8875 0.0441646 0.0406438 0.46304 0.0728215 0.426989 5.65505e-08
0.15 3.01875 0.051709 0.048751 0.42956 0.0963883 0.409237 5.49284e-08
0.15 3.15 0.0601413 0.0654269 0.374286 0.130794 0.387481 5.21898e-08
0.15 3.28125 0.0681083 0.101267 0.298023 0.169759 0.354162 4.78676e-08
0.15 3.4125 0.0733992 0.178683 0.207551 0.195959 0.299816 4.12261e-08
0.15 3.54375 0.0710182 0.331274 0.118119 0.185987 0.220964 3.14582e-08
0.15 3.675 0.0572593 0.54158 0.0551116 0.143906 0.142311 2.0448e-08
0.15 3.80625 0.0417945 0.720562 0.0256294 0.105314 0.0935816 1.27834e-08
0.15 3.9375 0.0316149 0.833134 0.014091 0.0809839 0.0690324 8.80206e-09
0.15 4.06875 0.0269581 0.884014 0.0101809 0.0695178 0.0589401 7.19194e-09
0.225 0 0.0431132 0.772309 0.0228041 0.093895 0.0816277 1.33113e-08
0.225 0.13125 0.0529607 0.672518 0.0339848 0.126613 0.0959322 1.65286e-08
0.225 0.2625 0.0761536 0.488689 0.0633897 0.195781 0.123364 2.29286e-08
0.225 0.39375 0.117682 0.289903 0.111701 0.278549 0.14565 2.94085e-08
0.225 0.525 0.194036 0.163151 0.150253 0.309313 0.132834 3.11057e-08
0.225 0.65625 0.341861 0.0975321 0.150656 0.263946 0.0902616 2.70362e-08
0.225 0.7875 0.549669 0.0606269 0.118563 0.181643 0.0477893 1.9355e-08
0.225 0.91875 0.72334 0.0408831 0.0885036 0.122523 0.0249942 1.3168e-08
0.225 1.05 0.817861 0.0324353 0.0719166 0.0953353 0.0162082 1.00342e-08
0.225 1.18125 0.832516 0.0313746 0.0678235 0.0922156 0.0148293 9.35188e-09
0.225 1.3125 0.77472 0.0365596 0.0763494 0.107899 0.0195408 1.08497e-08
0.225 1.44375 0.647814 0.0483265 0.101628 0.14042 0.0344178 1.50394e-08
0.225 1.575 0.462579 0.0651014 0.151719 0.186706 0.0706218 2.26904e-08
0.225 1.70625 0.273538 0.0777689 0.223908 0.223761 0.138721 3.22899e-08
0.225 1.8375 0.151003 0.0792898 0.291605 0.218679 0.225929 4.03407e-08
0.225 1.96875 0.088836 0.0732967 0.342545 0.18106 0.311775 4.61904e-08
0.225 2.1 0.0593314 0.0639382 0.379388 0.136377 0.382175 5.03415e-08
0.225 2.23125 0.0455321 0.0541811 0.407757 0.100806 0.429717 5.32159e-08
0.225 2.3625 0.039406 0.0461666 0.431598 0.0787023 0.453244 5.51088e-08
0.225 2.49375 0.037725 0.0410084 0.451447 0.068049 0.456145 5.62181e-08
0.225 2.625 0.0394825 0.0389199 0.46467 0.0658838 0.444394 5.66474e-08
0.225 2.75625 0.044478 0.0397108 0.466795 0.0710283 0.424673 5.64143e-08
0.225 2.8875 0.0524129 0.0433896 0.453252 0.084565 0.402556 5.54714e-08
0.225 3.01875 0.0622377 0.0509955 0.420827 0.108645 0.380874 5.37204e-08
0.225 3.15 0.0720053 0.0660849 0.368474 0.14353 0.358437 5.09959e-08
0.225 3.28125 0.079512 0.0974688 0.29791 0.183122 0.329629 4.69939e-08
0.225 3.4125 0.0827489 0.163531 0.214893 0.211468 0.286058 4.11592e-08
0.225 3.54375 0.078571 0.293194 0.131105 0.206685 0.222239 3.27666e-08
0.225 3.675 0.0641172 0.485639 0.0665001 0.166292 0.15164 2.26642e-08
0.225 3.80625 0.0472518 0.664774 0.0327668 0.123861 0.10275 1.48019e-08
0.225 3.9375 0.0358328 0.784077 0.0186925 0.0960708 0.077028 1.04416e-08
0.225 4.06875 0.0305495 0.840539 0.0137458 0.0828333 0.0662974 8.61689e-09
0.3 0 0.0515138 0.680077 0.0345822 0.102785 0.107169 1.75115e-08
0.3 0.13125 0.0607925 0.584884 0.0492293 0.134913 0.124066 2.10821e-08
0.3 0.2625 0.0809268 0.416721 0.0849774 0.199595 0.154352 2.76138e-08
0.3 0.39375 0.114637 0.24995 0.137189 0.269122 0.174157 3.33444e-08
0.3 0.525 0.178108 0.147608 0.176638 0.293474 0.157514 3.45491e-08
0.3 0.65625 0.302995 0.0945089 0.177954 0.257298 0.111677 3.06595e-08
0.3 0.7875 0.488486 0.0639781 0.143665 0.186882 0.0635862 2.30587e-08
0.3 0.91875 0.653216 0.0462608 0.108499 0.133187 0.0354356 1.63535e-08
0.3 1.05 0.743768 0.0385047 0.0882022 0.109984 0.0240344 1.27782e-08
0.3 1.18125 0.753601 0.0383688 0.0821567 0.111548 0.0222655 1.19718e-08
0.3 1.3125 0.689129 0.0453352 0.089964 0.13325 0.0285446 1.36382e-08
0.3 1.44375 0.558647 0.0597997 0.114768 0.172628 0.0471812 1.80714e-08
0.3 1.575 0.385214 0.0789391 0.160292 0.221534 0.087757 2.52802e-08
0.3 1.70625 0.230154 0.093092 0.216753 0.250104 0.153408 3.31598e-08
0.3 1.8375 0.134577 0.0968786 0.267108 0.237202 0.231692 3.96844e-08
0.3 1.96875 0.0848051 0.091736 0.307726 0.19714 0.308622 4.47739e-08
0.3 2.1 0.0602324 0.0805468 0.341904 0.152354 0.373267 4.87301e-08
0.3 2.23125 0.0483143 0.0672109 0.373259 0.116997 0.41823 5.17091e-08
0.3 2.3625 0.0430984 0.0555035 0.402872 0.0949732 0.440283 5.37789e-08
0.3 2.49375 0.0424232 0.0475715 0.428682 0.084313 0.440657 5.49976e-08
0.3 2.625 0.0459446 0.0438392 0.446267 0.0820364 0.42436 5.54109e-08
0.3 2.75625 0.0538589 0.043847 0.450459 0.0869077 0.398427 5.5032e-08
0.3 2.8875 0.065798 0.0471213 0.437325 0.100005 0.369783 5.38571e-08
0.3 3.01875 0.0797753 0.0540529 0.405618 0.123487 0.34325 5.18976e-08
0.3 3.15 0.092038 0.0672139 0.356779 0.157678 0.319974 4.91702e-08
0.3 3.28125 0.098814 0.0934982 0.293793 0.197099 0.296489 4.55776e-08
0.3 3.4125 0.098384 0.147161 0.221046 0.227665 0.265459 4.07376e-08
0.3 3.54375 0.0902667 0.251154 0.146183 0.229667 0.219746 3.40047e-08
0.3 3.675 0.0739289 0.416139 0.0827484 0.194892 0.162722 2.54187e-08
0.3 3.80625 0.0551256 0.589396 0.0443017 0.149444 0.115983 1.7682e-08
0.3 3.9375 0.0419553 0.713741 0.0266344 0.117333 0.0892421 1.29335e-08
0.3 4.06875 0.0357799 0.775394 0.0200982 0.101737 0.077749 1.08452e-08
0.375 0 0.0612485 0.563979 0.054713 0.114193 0.145415 2.36531e-08
0.375 0.13125 0.0689371 0.477475 0.0738371 0.144552 0.164935 2.74026e-08
0.375 0.2625 0.0839699 0.335242 0.115814 0.200575 0.195608 3.34478e-08
0.375 0.39375 0.108876 0.207187 0.169883 0.25398 0.209795 3.79699e-08
0.375 0.525 0.158668 0.129918 0.209413 0.272362 0.188853 3.86185e-08
0.375 0.65625 0.257739 0.0897406 0.21247 0.246827 0.140613 3.50402e-08
0.375 0.7875 0.41225 0.066911 0.178125 0.192781 0.0876159 2.79405e-08
0.375 0.91875 0.561593 0.0526873 0.137459 0.147714 0.0528224 2.08985e-08
0.375 1.05 0.645647 0.0465023 0.112034 0.130097 0.0376487 1.68153e-08
0.375 1.18125 0.650572 0.0480801 0.102819 0.137731 0.0351826 1.5788e-08
0.375 1.3125 0.581908 0.0578461 0.108583 0.166659 0.0433688 1.74777e-08
0.375 1.44375 0.454821 0.0761637 0.130047 0.212018 0.0657908 2.17327e-08
0.375 1.575 0.306597 0.0989217 0.164587 0.256993 0.107573 2.76472e-08
0.375 1.70625 0.189707 0.117388 0.201463 0.272548 0.165931 3.3416e-08
0.375 1.8375 0.11904 0.125926 0.234246 0.251762 0.232215 3.83363e-08
0.375 1.96875 0.0811152 0.122201 0.264495 0.21074 0.298217 4.26063e-08
0.375 2.1 0.0616421 0.107552 0.296076 0.168277 0.356407 4.63877e-08
0.375 2.23125 0.051883 0.0877589 0.33086 0.135613 0.399275 4.95638e-08
0.375 2.3625 0.0478979 0.0695949 0.367003 0.115518 0.420739 5.19129e-08
0.375 2.49375 0.0487803 0.0569585 0.399476 0.105812 0.419085 5.33014e-08
0.375 2.625 0.0551566 0.0504899 0.421618 0.103467 0.398038 5.36943e-08
0.375 2.75625 0.067947 0.0491765 0.427313 0.107214 0.365173 5.30979e-08
0.375 2.8875 0.0867976 0.0517646 0.413481 0.11821 0.329186 5.15678e-08
0.375 3.01875 0.108141 0.057778 0.381585 0.1389 0.297286 4.92753e-08
0.375 3.15 0.124917 0.0687261 0.336483 0.170246 0.273139 4.65006e-08
0.375 3.28125 0.130488 0.0897123 0.282837 0.208154 0.25537 4.34043e-08
0.375 3.4125 0.123672 0.131295 0.223265 0.240824 0.237542 3.97336e-08
0.375 3.54375 0.108012 0.210363 0.160976 0.250749 0.211261 3.48495e-08
0.375 3.675 0.0871328 0.340882 0.10338 0.226276 0.172985 2.83245e-08
0.375 3.80625 0.0656158 0.497168 0.0619044 0.181851 0.133437 2.14129e-08
0.375 3.9375 0.0501772 0.621588 0.0399155 0.145565 0.106952 1.64806e-08
0.375 4.06875 0.0428226 0.686493 0.031169 0.127179 0.0948469 1.41431e-08
0.45 0 0.0701116 0.432043 0.0871398 0.126181 0.199648 3.17544e-08
0.45 0.13125 0.0748688 0.361242 0.110397 0.152112 0.219461 3.51348e-08
0.45 0.2625 0.0836941 0.255436 0.155532 0.194818 0.244903 3.98448e-08
0.45 0.39375 0.100487 0.166072 0.208555 0.232188 0.250939 4.29394e-08
0.45 0.525 0.137312 0.111523 0.247155 0.245804 0.225973 4.30444e-08
0.45 0.65625 0.210863 0.0831952 0.252527 0.230971 0.17691 3.98546e-08
0.45 0.7875 0.328344 0.0682388 0.221449 0.196436 0.121592 3.36919e-08
0.45 0.91875 0.452962 0.0591624 0.177231 0.165008 0.0805038 2.68424e-08
0.45 1.05 0.526827 0.0559759 0.145483 0.155667 0.0604777 2.23285e-08
0.45 1.18125 0.527629 0.0604987 0.131032 0.170852 0.0566477 2.09112e-08
0.45 1.3125 0.460538 0.0744233 0.131573 0.206612 0.0661239 2.21977e-08
0.45 1.44375 0.349678 0.0981572 0.143699 0.252257 0.0896203 2.54056e-08
0.45 1.575 0.23735 0.127718 0.16089 0.28465 0.126545 2.9228e-08
0.45 1.70625 0.155045 0.155574 0.177585 0.285008 0.172819 3.27536e-08
0.45 1.8375 0.105099 0.172813 0.194095 0.257003 0.224179 3.6023e-08
0.45 1.96875 0.0776779 0.171397 0.214708 0.217198 0.277551 3.94307e-08
0.45 2.1 0.0632811 0.15048 0.24384 0.180596 0.329129 4.31002e-08
0.45 2.23125 0.0560315 0.119354 0.282112 0.154455 0.371111 4.66305e-08
0.45 2.3625 0.0537503 0.0902304 0.324985 0.139313 0.393591 4.94159e-08
0.45 2.49375 0.0569852 0.0699009 0.364268 0.132195 0.391025 5.10623e-08
0.45 2.625 0.0678064 0.0590711 0.390632 0.129864 0.365588 5.14315e-08
0.45 2.75625 0.0884636 0.0556203 0.39671 0.131057 0.325655 5.05185e-08
0.45 2.8875 0.118914 0.0570312 0.380426 0.137242 0.282125 4.84511e-08
0.45 3.01875 0.15301 0.0616896 0.34677 0.151738 0.244877 4.5626e-08
0.45 3.15 0.177686 0.07009 0.305153 0.177162 0.220042 4.27131e-08
0.45 3.28125 0.181197 0.0859397 0.262354 0.211898 0.207974 4.02067e-08
0.45 3.4125 0.163511 0.11682 0.218759 0.246703 0.202924 3.79034e-08
0.45 3.54375 0.13464 0.17432 0.172723 0.265477 0.195716 3.50268e-08
0.45 3.675 0.10448 0.269951 0.126286 0.254632 0.178913 3.08686e-08
0.45 3.80625 0.078433 0.396355 0.0866472 0.218276 0.153605 2.56705e-08
0.45 3.9375 0.0602542 0.511138 0.0612098 0.180686 0.131134 2.11437e-08
0.45 4.06875 0.0514782 0.575395 0.049911 0.159769 0.119387 1.87274e-08
0.525 0 0.0745736 0.304016 0.132854 0.133361 0.266698 4.06869e-08
0.525 0.13125 0.076091 0.255693 0.157338 0.151924 0.281806 4.30569e-08
0.525 0.2625 0.0798549 0.187468 0.201168 0.180249 0.297304 4.60751e-08
0.525 0.39375 0.0903114 0.130002 0.250762 0.204497 0.294898 4.78649e-08
0.525 0.525 0.116013 0.0938932 0.287419 0.214783 0.266999 4.74998e-08
0.525 0.65625 0.167319 0.0753744 0.295008 0.209317 0.219011 4.46888e-08
0.525 0.7875 0.248719 0.0671313 0.269474 0.193853 0.164787 3.96113e-08
0.525 0.91875 0.340279 0.0639068 0.226063 0.180782 0.120553 3.35884e-08
0.525 1.05 0.398636 0.0653766 0.188249 0.183666 0.0957386 2.89547e-08
0.525 1.18125 0.397488 0.074479 0.16534 0.207233 0.089116 2.6894e-08
0.525 1.3125 0.341856 0.0944211 0.154719 0.245776 0.0966986 2.70295e-08
0.525 1.44375 0.259354 0.126852 0.150495 0.28273 0.115099 2.82815e-08
0.525 1.575 0.1822 0.169591 0.147989 0.297294 0.140778 2.96639e-08
0.525 1.70625 0.126467 0.214398 0.146585 0.282035 0.170983 3.09188e-08
0.525 1.8375 0.0922709 0.246004 0.149382 0.247674 0.20506 3.24693e-08
0.525 1.96875 0.0736383 0.2481 0.161708 0.211506 0.244698 3.49718e-08
0.525 2.1 0.0643402 0.2166 0.188372 0.184932 0.290061 3.86405e-08
0.525 2.23125 0.0602231 0.166484 0.229595 0.170256 0.333041 4.27735e-08
0.525 2.3625 0.0603937 0.119466 0.278719 0.164245 0.35879 4.62284e-08
0.525 2.49375 0.0670814 0.0870865 0.324332 0.162074 0.356955 4.8257e-08
0.525 2.625 0.0845212 0.0696362 0.354081 0.159882 0.328034 4.86012e-08
0.525 2.75625 0.117347 0.0628803 0.358974 0.156452 0.281548 4.72395e-08
0.525 2.8875 0.166526 0.0622748 0.337961 0.154043 0.23101 4.43735e-08
0.525 3.01875 0.221678 0.0647313 0.300452 0.157921 0.189176 4.07119e-08
0.525 3.15 0.259181 0.0700302 0.261719 0.17388 0.164272 3.75145e-08
0.525 3.28125 0.259292 0.0812187 0.230748 0.203858 0.157444 3.57025e-08
0.525 3.4125 0.224196 0.103622 0.205305 0.241207 0.163533 3.50076e-08
0.525 3.54375 0.17385 0.144361 0.178791 0.269975 0.1735 3.43273e-08
0.525 3.675 0.127403 0.210655 0.148331 0.274166 0.177997 3.26553e-08
0.525 3.80625 0.0928977 0.301411 0.1172 0.251665 0.1723 2.97575e-08
0.525 3.9375 0.0710312 0.393407 0.0925409 0.219135 0.160559 2.65279e-08
0.525 4.06875 0.0606789 0.450102 0.0797076 0.197878 0.152071 2.44763e-08
0.6 0 0.0731947 0.203443 0.185851 0.130167 0.333872 4.86631e-08
0.6 0.13125 0.072756 0.175316 0.208679 0.141494 0.342006 4.99993e-08
0.6 0.2625 0.0735573 0.135377 0.248529 0.15845 0.347642 5.16301e-08
0.6 0.39375 0.0795512 0.100636 0.29332 0.173371 0.338468 5.24098e-08
0.6 0.525 0.0965094 0.0781774 0.327144 0.181545 0.309284 5.16732e-08
0.6 0.65625 0.130452 0.067125 0.336156 0.183278 0.264184 4.91673e-08
0.6 0.7875 0.183121 0.0638921 0.315909 0.183163 0.213732 4.5001e-08
0.6 0.91875 0.242849 0.065661 0.275814 0.188352 0.170236 3.99512e-08
0.6 1.05 0.282932 0.0725671 0.233239 0.205759 0.142232 3.54681e-08
0.6 1.18125 0.282695 0.0880645 0.198514 0.236841 0.130561 3.25443e-08
0.6 1.3125 0.245358 0.11728 0.171155 0.272699 0.130778 3.09601e-08
0.6 1.44375 0.191277 0.164695 0.147703 0.295601 0.137526 2.9893e-08
0.6 1.575 0.140397 0.229879 0.127244 0.290918 0.147102 2.87815e-08
0.6 1.70625 0.102581 0.300734 0.111764 0.260457 0.158681 2.77469e-08
0.6 1.8375 0.0791896 0.351838 0.104936 0.221331 0.175012 2.75592e-08
0.6 1.96875 0.0674509 0.357974 0.111047 0.191035 0.201273 2.91535e-08
0.6 2.1 0.0633722 0.311827 0.134518 0.177599 0.240685 3.29079e-08
0.6 2.23125 0.0634765 0.233483 0.17695 0.17921 0.28621 3.79334e-08
0.6 2.3625 0.0672736 0.159127 0.230976 0.187264 0.317655 4.23662e-08
0.6 2.49375 0.0788439 0.108903 0.281823 0.193005 0.318444 4.49368e-08
0.6 2.625 0.105617 0.0819661 0.313748 0.191111 0.287354 4.52581e-08
0.6 2.75625 0.156247 0.0703576 0.31573 0.180441 0.235468 4.32867e-08
0.6 2.8875 0.233686 0.066382 0.287725 0.164918 0.179381 3.92904e-08
0.6 3.01875 0.319353 0.065168 0.245103 0.153922 0.135188 3.44612e-08
0.6 3.15 0.373289 0.0666335 0.209542 0.158188 0.111938 3.0904e-08
0.6 3.28125 0.369079 0.0739777 0.189941 0.182267 0.109164 2.9845e-08
0.6 3.4125 0.31109 0.0907361 0.182382 0.221949 0.122838 3.09029e-08
0.6 3.54375 0.229583 0.120122 0.177228 0.261736 0.146343 3.26154e-08
0.6 3.675 0.157829 0.16502 0.166527 0.281469 0.169833 3.3507e-08
0.6 3.80625 0.108961 0.224798 0.149722 0.274243 0.184965 3.30407e-08
0.6 3.9375 0.0808974 0.287538 0.132236 0.251794 0.189684 3.16788e-08
0.6 4.06875 0.0684216 0.328985 0.121272 0.234 0.189071 3.05307e-08
0.675 0 0.0681086 0.135516 0.238529 0.117643 0.391198 5.49643e-08
0.675 0.13125 0.0669158 0.120282 0.258688 0.123848 0.393756 5.55955e-08
0.675 0.2625 0.066265 0.0980767 0.293683 0.133224 0.392188 5.62841e-08
0.675 0.39375 0.0693082 0.0780889 0.333073 0.142112 0.378676 5.63477e-08
0.675 0.525 0.0798989 0.0650124 0.36339 0.149 0.349969 5.53334e-08
0.675 0.65625 0.101444 0.0592763 0.372669 0.15559 0.309205 5.30402e-08
0.675 0.7875 0.134264 0.0595682 0.355883 0.166046 0.26408 4.95081e-08
0.675 0.91875 0.171161 0.0650733 0.317981 0.185017 0.223406 4.51542e-08
0.675 1.05 0.196907 0.0772489 0.270471 0.214684 0.193342 4.07628e-08
0.675 1.18125 0.198705 0.100935 0.222528 0.251116 0.174517 3.69269e-08
0.675 1.3125 0.177181 0.144075 0.177276 0.281643 0.162777 3.35496e-08
0.675 1.44375 0.143331 0.214839 0.136081 0.289158 0.153219 3.01518e-08
0.675 1.575 0.108877 0.312564 0.101841 0.265554 0.143871 2.65589e-08
0.675 1.70625 0.0817379 0.414118 0.0783414 0.22309 0.137613 2.34083e-08
0.675 1.8375 0.0652264 0.481828 0.0676288 0.183812 0.140153 2.1853e-08
0.675 1.96875 0.0584802 0.489793 0.0702325 0.161027 0.156004 2.2719e-08
0.675 2.1 0.0591198 0.430463 0.0890398 0.159738 0.18848 2.63905e-08
0.675 2.23125 0.0645066 0.32075 0.12884 0.178753 0.23476 3.2287e-08
0.675 2.3625 0.0735388 0.209788 0.185089 0.205142 0.272992 3.79647e-08
0.675 2.49375 0.091682 0.135093 0.239511 0.221983 0.278036 4.12472e-08
0.675 2.625 0.130776 0.0954674 0.272259 0.220568 0.246248 4.15515e-08
0.675 2.75625 0.205544 0.0771607 0.269934 0.199827 0.190679 3.88099e-08
0.675 2.8875 0.320307 0.0679584 0.234234 0.167231 0.131897 3.34128e-08
0.675 3.01875 0.438448 0.0616416 0.189396 0.140732 0.0899542 2.74955e-08
0.675 3.15 0.505281 0.0593555 0.159327 0.135063 0.0708886 2.38773e-08
0.675 3.28125 0.498169 0.0638687 0.148254 0.152757 0.070282 2.34321e-08
0.675 3.4125 0.421004 0.0773095 0.153302 0.191563 0.0860238 2.58517e-08
0.675 3.54375 0.303949 0.100336 0.167526 0.240689 0.117121 2.98791e-08
0.675 3.675 0.197456 0.131576 0.17869 0.275903 0.155686 3.34044e-08
0.675 3.80625 0.127429 0.169298 0.180247 0.282873 0.189899 3.53153e-08
0.675 3.9375 0.0895747 0.207484 0.174972 0.27039 0.212311 3.58333e-08
0.675 4.06875 0.073635 0.23288 0.16965 0.257344 0.222178 3.57491e-08
0.75 0 0.0617881 0.0924189 0.286208 0.100608 0.435934 5.97218e-08
0.75 0.13125 0.0604227 0.0844207 0.30357 0.103658 0.434905 5.99178e-08
0.75 0.2625 0.0591411 0.0724965 0.333654 0.108448 0.428906 5.99996e-08
0.75 0.39375 0.0603274 0.0615397 0.367591 0.113721 0.41336 5.95753e-08
0.75 0.525 0.0665774 0.0545466 0.394022 0.119799 0.386609 5.83583e-08
0.75 0.65625 0.0798671 0.0524034 0.402449 0.129184 0.351079 5.61979e-08
0.75 0.7875 0.100079 0.0551447 0.387107 0.145915 0.311966 5.30673e-08
0.75 0.91875 0.122916 0.0635321 0.349301 0.173446 0.274777 4.9116e-08
0.75 1.05 0.139911 0.0807826 0.295988 0.211062 0.242795 4.46653e-08
0.75 1.18125 0.143451 0.114296 0.235256 0.25024 0.215362 3.99516e-08
0.75 1.3125 0.132192 0.176287 0.173837 0.274277 0.188772 3.48634e-08
0.75 1.44375 0.110299 0.279006 0.118391 0.266277 0.160146 2.91596e-08
0.75 1.575 0.0847031 0.41424 0.0763484 0.227024 0.132415 2.32764e-08
0.75 1.70625 0.0638684 0.538354 0.0518166 0.180789 0.11409 1.87376e-08
0.75 1.8375 0.052023 0.612184 0.0417791 0.146848 0.109391 1.65858e-08
0.75 1.96875 0.0485934 0.61876 0.04293 0.131591 0.118756 1.70293e-08
0.75 2.1 0.0523985 0.551627 0.0567864 0.138607 0.143984 2.03169e-08
0.75 2.23125 0.062617 0.419138 0.0900435 0.170357 0.186111 2.64714e-08
0.75 2.3625 0.0782405 0.269273 0.144378 0.215802 0.2288 3.3316e-08
0.75 2.49375 0.10465 0.164438 0.200254 0.246345 0.238772 3.74239e-08
0.75 2.625 0.158771 0.109176 0.232595 0.245583 0.20761 3.77202e-08
0.75 2.75625 0.263 0.0823207 0.225491 0.212442 0.150515 3.41119e-08
0.75 2.8875 0.417006 0.0663082 0.184841 0.16206 0.0933749 2.74187e-08
0.75 3.01875 0.557656 0.0552048 0.143662 0.124601 0.0580915 2.11488e-08
0.75 3.15 0.630881 0.0504517 0.120158 0.112626 0.0438968 1.7877e-08
0.75 3.28125 0.623195 0.0530588 0.114251 0.124453 0.0440503 1.77857e-08
0.75 3.4125 0.537213 0.0641297 0.125009 0.158469 0.0578557 2.07571e-08
0.75 3.54375 0.392953 0.0837952 0.151687 0.210645 0.0895855 2.63741e-08
0.75 3.675 0.246658 0.107645 0.183793 0.25924 0.137786 3.24376e-08
0.75 3.80625 0.148961 0.131452 0.206001 0.278883 0.187947 3.66584e-08
0.75 3.9375 0.0979481 0.153062 0.215821 0.274063 0.226454 3.88776e-08
0.75 4.06875 0.0771964 0.166914 0.218306 0.264389 0.246508 3.97323e-08
0.825 0 0.0557217 0.0657329 0.326378 0.0833327 0.468583 6.32207e-08
0.825 0.13125 0.0544048 0.0616398 0.341135 0.084621 0.465516 6.31486e-08
0.825 0.2625 0.0528956 0.0554671 0.366684 0.0868727 0.457244 6.28424e-08
0.825 0.39375 0.0529673 0.0498214 0.395536 0.0901347 0.441424 6.209e-08
0.825 0.525 0.0564234 0.0465954 0.418055 0.0956525 0.417565 6.07262e-08
0.825 0.65625 0.0645087 0.0467844 0.424825 0.106283 0.387538 5.86412e-08
0.825 0.7875 0.077118 0.051239 0.409369 0.126028 0.354431 5.5753e-08
0.825 0.91875 0.0918317 0.0619932 0.37013 0.157858 0.320714 5.20133e-08
0.825 1.05 0.103971 0.0842329 0.310707 0.199463 0.286643 4.74101e-08
0.825 1.18125 0.108737 0.128882 0.238528 0.238929 0.249764 4.18653e-08
0.825 1.3125 0.103361 0.214055 0.163629 0.255593 0.206738 3.51308e-08
0.825 1.44375 0.0874595 0.354365 0.0984355 0.233293 0.158584 2.71926e-08
0.825 1.575 0.0663981 0.520409 0.0552258 0.186092 0.117484 1.96616e-08
0.825 1.70625 0.0499085 0.65304 0.0339245 0.143704 0.0939254 1.46966e-08
0.825 1.8375 0.0412971 0.725211 0.0259785 0.116785 0.0862789 1.25097e-08
0.825 1.96875 0.0398675 0.728703 0.026593 0.107757 0.0918642 1.27504e-08
0.825 2.1 0.0453198 0.657533 0.0365976 0.120104 0.111268 1.55601e-08
0.825 2.23125 0.0586497 0.512962 0.0626154 0.159005 0.146786 2.13653e-08
0.825 2.3625 0.0807976 0.331769 0.111338 0.219534 0.189326 2.88533e-08
0.825 2.49375 0.11663 0.194703 0.166387 0.264645 0.20351 3.37574e-08
0.825 2.625 0.187449 0.121937 0.197429 0.264659 0.173899 3.40546e-08
0.825 2.75625 0.323065 0.0852541 0.18632 0.218313 0.117553 2.96239e-08
0.825 2.8875 0.508633 0.0623737 0.145502 0.15375 0.065917 2.21929e-08
0.825 3.01875 0.660714 0.048181 0.110732 0.110358 0.0380979 1.6245e-08
0.825 3.15 0.736454 0.0422223 0.0926617 0.0944766 0.0277602 1.34457e-08
0.825 3.28125 0.729622 0.0436574 0.0897289 0.101551 0.028093 1.35208e-08
0.825 3.4125 0.642215 0.0528542 0.102314 0.129712 0.0390465 1.64905e-08
0.825 3.54375 0.484673 0.0701632 0.134102 0.178729 0.0671534 2.27041e-08
0.825 3.675 0.303094 0.0906263 0.182327 0.235315 0.118835 3.08097e-08
0.825 3.80625 0.173283 0.106568 0.225487 0.265874 0.18113 3.72467e-08
0.825 3.9375 0.106621 0.117966 0.251583 0.266634 0.233174 4.0989e-08
0.825 4.06875 0.080206 0.124628 0.262731 0.25877 0.262017 4.26259e-08
0.9 0 0.050628 0.0494601 0.357965 0.0684622 0.490898 6.57183e-08
0.9 0.13125 0.049419 0.0474408 0.370495 0.0688683 0.486841 6.54792e-08
0.9 0.2625 0.0478632 0.0444151 0.392175 0.0698512 0.477742 6.49241e-08
0.9 0.39375 0.0472987 0.0417977 0.416643 0.0720775 0.462724 6.39529e-08
0.9 0.525 0.0490469 0.0408175 0.435571 0.0771695 0.442069 6.24835e-08
0.9 0.65625 0.0539986 0.0424715 0.440314 0.0880605 0.417199 6.0437e-08
0.9 0.7875 0.0621938 0.0481319 0.423816 0.108697 0.389516 5.76912e-08
0.9 0.91875 0.0723749 0.0608739 0.382407 0.141916 0.358861 5.40548e-08
0.9 1.05 0.0819364 0.0878942 0.317279 0.184645 0.322575 4.92646e-08
0.9 1.18125 0.0875065 0.144269 0.235502 0.222593 0.276153 4.29511e-08
0.9 1.3125 0.0851559 0.255122 0.150144 0.231623 0.21655 3.46472e-08
0.9 1.44375 0.0716446 0.431577 0.0801473 0.198663 0.151546 2.47664e-08
0.9 1.575 0.0533187 0.615035 0.0402398 0.151296 0.103755 1.64808e-08
0.9 1.70625 0.0399292 0.747087 0.0229253 0.115156 0.0788611 1.16687e-08
0.9 1.8375 0.033427 0.813993 0.0168833 0.0943708 0.0701423 9.6633e-09
0.9 1.96875 0.0331103 0.8139 0.0172963 0.0900735 0.0734998 9.81558e-09
0.9 2.1 0.0392575 0.740952 0.0246885 0.105978 0.0887983 1.22085e-08
0.9 2.23125 0.0541613 0.590976 0.0449419 0.148684 0.118329 1.7455e-08
0.9 2.3625 0.081401 0.38945 0.0868736 0.218756 0.1576 2.50206e-08
0.9 2.49375 0.126652 0.223012 0.139311 0.27695 0.174334 3.0534e-08
0.9 2.625 0.214122 0.132716 0.168616 0.27777 0.146682 3.08378e-08
0.9 2.75625 0.378416 0.086147 0.155071 0.219499 0.0928512 2.5777e-08
0.9 2.8875 0.584614 0.0578137 0.117257 0.145874 0.0480358 1.82021e-08
0.9 3.01875 0.741452 0.0420591 0.0883701 0.0994629 0.0261991 1.28094e-08
0.9 3.15 0.817609 0.035659 0.074181 0.0809985 0.0185023 1.04294e-08
0.9 3.28125 0.812328 0.0364271 0.0729978 0.0844284 0.0188342 1.05711e-08
0.9 3.4125 0.727307 0.044248 0.0859196 0.107455 0.0273981 1.33307e-08
0.9 3.54375 0.566189 0.0596567 0.118726 0.151011 0.051071 1.95024e-08
0.9 3.675 0.360856 0.0785575 0.176426 0.20933 0.101511 2.8856e-08
0.9 3.80625 0.19883 0.0906694 0.238479 0.248317 0.171882 3.7294e-08
0.9 3.9375 0.115447 0.0961032 0.280437 0.253165 0.234615 4.23819e-08
0.9 4.06875 0.0831207 0.098496 0.300099 0.246112 0.270548 4.46619e-08
0.975 0 0.0467808 0.0397671 0.380907 0.0571985 0.505075 6.74187e-08
0.975 0.13125 0.0456739 0.038831 0.391703 0.0572184 0.500653 6.70762e-08
0.975 0.2625 0.0441399 0.0374873 0.410373 0.0576413 0.491533 6.63638e-08
0.975 0.39375 0.0432329 0.0365422 0.431387 0.0593757 0.477739 6.52499e-08
0.975 0.525 0.0439916 0.0368491 0.447351 0.0641392 0.46002 6.3707e-08
0.975 0.65625 0.0471423 0.0393903 0.450137 0.0747998 0.43945 6.16775e-08
0.975 0.7875 0.052871 0.0458847 0.432276 0.0952157 0.416163 5.90127e-08
0.975 0.91875 0.0606049 0.0602322 0.388641 0.12822 0.38791 5.54219e-08
0.975 1.05 0.0688525 0.0914801 0.318774 0.170445 0.349503 5.04531e-08
0.975 1.18125 0.0749222 0.158934 0.229576 0.206029 0.294407 4.34731e-08
0.975 1.3125 0.0738736 0.294525 0.136849 0.208256 0.219942 3.37721e-08
0.975 1.44375 0.0610595 0.498654 0.0661273 0.169554 0.143207 2.24992e-08
0.975 1.575 0.0446235 0.689116 0.0306614 0.125555 0.093285 1.4097e-08
0.975 1.70625 0.033295 0.816826 0.01653 0.0949006 0.0685195 9.6125e-09
0.975 1.8375 0.0280939 0.877441 0.0118374 0.0787041 0.0594605 7.818e-09
0.975 1.96875 0.0283586 0.874 0.0121669 0.0778176 0.0614892 7.93523e-09
0.975 2.1 0.0347112 0.800683 0.0179082 0.0961351 0.0740746 1.00186e-08
0.975 2.23125 0.050264 0.648946 0.0342141 0.14093 0.099214 1.47549e-08
0.975 2.3625 0.0808404 0.435867 0.0703145 0.21627 0.134624 2.21015e-08
0.975 2.49375 0.134155 0.246563 0.11946 0.284405 0.152331 2.79779e-08
0.975 2.625 0.236217 0.140878 0.147036 0.285941 0.12656 2.82898e-08
0.975 2.75625 0.423003 0.0857844 0.132513 0.218541 0.0759344 2.28452e-08
0.975 2.8875 0.641029 0.0538136 0.0983668 0.139883 0.0370624 1.5447e-08
0.975 3.01875 0.799109 0.0374164 0.0738189 0.0918929 0.019349 1.05684e-08
0.975 3.15 0.874564 0.0309489 0.0622197 0.071669 0.013333 8.50143e-09
0.975 3.28125 0.871005 0.0313603 0.0620856 0.0724232 0.0136271 8.66361e-09
0.975 3.4125 0.789934 0.0382461 0.0748814 0.0915308 0.0205211 1.11884e-08
0.975 3.54375 0.629937 0.0522405 0.107226 0.130043 0.0405889 1.70893e-08
0.975 3.675 0.411936 0.0702385 0.169127 0.186342 0.0878071 2.69922e-08
0.975 3.80625 0.222774 0.0808573 0.245889 0.230671 0.162583 3.70319e-08
0.975 3.9375 0.123639 0.0830023 0.301676 0.238463 0.233134 4.32452e-08
0.975 4.06875 0.0858546 0.0829372 0.328773 0.231717 0.274374 4.60314e-08
1.05 0 0.0442378 0.0343476 0.395685 0.0498201 0.513197 6.84716e-08
1.05 0.13125 0.0432039 0.0339522 0.405304 0.0496983 0.508713 6.80687e-08
1.05 0.2625 0.0417052 0.0334625 0.421928 0.049911 0.499868 6.72633e-08
1.05 0.39375 0.0406286 0.0333868 0.440572 0.0514333 0.487191 6.60633e-08
1.05 0.525 0.0408582 0.0343825 0.454431 0.0559668 0.471686 6.44734e-08
1.05 0.65625 0.0430474 0.0374243 0.455698 0.0662774 0.454179 6.24499e-08
1.05 0.7875 0.0474853 0.0444507 0.436646 0.0861303 0.433961 5.98282e-08
1.05 0.91875 0.0539752 0.0599462 0.391243 0.118382 0.407329 5.62546e-08
1.05 1.05 0.0615964 0.0944013 0.318006 0.159588 0.367221 5.1147e-08
1.05 1.18125 0.0679475 0.170653 0.223763 0.192944 0.305436 4.36641e-08
1.05 1.3125 0.067297 0.325735 0.126559 0.190243 0.219816 3.28997e-08
1.05 1.44375 0.0546116 0.546868 0.0570835 0.149501 0.136564 2.08331e-08
1.05 1.575 0.0393947 0.739174 0.025139 0.108899 0.0864481 1.25603e-08
1.05 1.70625 0.0293015 0.862153 0.013068 0.0820052 0.0621309 8.3644e-09
1.05 1.8375 0.024843 0.917358 0.0091941 0.0688127 0.0529905 6.73188e-09
1.05 1.96875 0.0253898 0.911356 0.00948426 0.0701613 0.0542569 6.83684e-09
1.05 2.1 0.031749 0.838337 0.0142699 0.0900242 0.0652 8.72113e-09
1.05 2.23125 0.0475014 0.686558 0.0281852 0.135958 0.0875553 1.30958e-08
1.05 2.3625 0.0799717 0.467606 0.0602939 0.213943 0.119982 2.01817e-08
1.05 2.49375 0.139021 0.263248 0.106616 0.28844 0.137787 2.62258e-08
1.05 2.625 0.251827 0.146229 0.132836 0.290505 0.113455 2.65439e-08
1.05 2.75625 0.453546 0.0850314 0.118155 0.217219 0.0655987 2.09137e-08
1.05 2.8875 0.67764 0.0509627 0.0868759 0.136036 0.0308377 1.37527e-08
1.05 3.01875 0.835418 0.0343695 0.0650882 0.0872201 0.0156347 9.24039e-09
1.05 3.15 0.909858 0.0279658 0.0550679 0.0658602 0.0105966 7.3751e-09
1.05 3.28125 0.907745 0.0282002 0.0555411 0.0648319 0.0108594 7.54003e-09
1.05 3.4125 0.830443 0.0345116 0.0681441 0.0813209 0.0167358 9.88497e-09
1.05 3.54375 0.672961 0.0475892 0.0997868 0.116245 0.0344274 1.55209e-08
1.05 3.675 0.449386 0.0650072 0.163044 0.169763 0.0786335 2.55769e-08
1.05 3.80625 0.241561 0.0752246 0.249354 0.216708 0.155227 3.66909e-08
1.05 3.9375 0.130056 0.0757113 0.315398 0.226428 0.230839 4.37301e-08
1.05 4.06875 0.0880377 0.074316 0.348011 0.219777 0.275595 4.68715e-08
1.125 0 0.0429788 0.0319213 0.402888 0.0462059 0.516839 6.89741e-08
1.125 0.13125 0.0419821 0.0317495 0.411914 0.0460445 0.512378 6.85433e-08
1.125 0.2625 0.0405063 0.0316169 0.427505 0.0461958 0.503757 6.76948e-08
1.125 0.39375 0.0393614 0.03191 0.444946 0.0476427 0.49173 6.64541e-08
1.125 0.525 0.0393637 0.0332036 0.457714 0.0520566 0.477408 6.48412e-08
1.125 0.65625 0.0411389 0.0364703 0.458156 0.0621352 0.46149 6.28191e-08
1.125 0.7875 0.045028 0.0437575 0.438422 0.0815847 0.442844 6.0216e-08
1.125 0.91875 0.0509998 0.0598554 0.392051 0.113276 0.417021 5.66473e-08
1.125 1.05 0.0583745 0.0960508 0.317068 0.15376 0.375959 5.14639e-08
1.125 1.18125 0.0648496 0.177206 0.220276 0.185797 0.310509 4.37077e-08
1.125 1.3125 0.0642542 0.342953 0.121034 0.18058 0.218954 3.23686e-08
1.125 1.44375 0.0515748 0.571811 0.0527315 0.139442 0.13301 1.99693e-08
1.125 1.575 0.0369523 0.764253 0.0226373 0.100759 0.083104 1.18157e-08
1.125 1.70625 0.027435 0.884295 0.011557 0.0757389 0.0590919 7.77962e-09
1.125 1.8375 0.023313 0.936403 0.00806274 0.0640284 0.0499419 6.23206e-09
1.125 1.96875 0.0239724 0.929018 0.00833589 0.066491 0.0508571 6.33352e-09
1.125 2.1 0.0303001 0.856331 0.0126858 0.0871201 0.0610256 8.12131e-09
1.125 2.23125 0.0460875 0.704895 0.0254839 0.133567 0.082042 1.23124e-08
1.125 2.3625 0.0793937 0.483552 0.0556086 0.212637 0.112906 1.92391e-08
1.125 2.49375 0.141384 0.271843 0.100344 0.290173 0.13059 2.53399e-08
1.125 2.625 0.259859 0.148848 0.125826 0.292516 0.107029 2.56613e-08
1.125 2.75625 0.468914 0.0845049 0.11122 0.216406 0.0607361 1.99639e-08
1.125 2.8875 0.695498 0.0494992 0.0814506 0.13419 0.028031 1.2952e-08
1.125 3.01875 0.852768 0.0328729 0.0609926 0.085012 0.0140055 8.62605e-09
1.125 3.15 0.92652 0.0265302 0.0517203 0.063085 0.00941481 6.85854e-09
1.125 3.28125 0.925226 0.0266928 0.0524756 0.0611589 0.00966179 7.02217e-09
1.125 3.4125 0.85018 0.0327315 0.0649608 0.0763378 0.0150626 9.27253e-09
1.125 3.54375 0.694497 0.0453619 0.0961652 0.109433 0.0315969 1.47563e-08
1.125 3.675 0.469001 0.0624854 0.159696 0.161207 0.0741033 2.48252e-08
1.125 3.80625 0.251926 0.072659 0.250563 0.209065 0.151201 3.64645e-08
1.125 3.9375 0.133602 0.0724733 0.322071 0.219736 0.229283 4.39441e-08
1.125 4.06875 0.0892589 0.0704964 0.357622 0.213109 0.275787 4.72701e-08
1.2 0 0.0429786 0.0319211 0.402889 0.0462054 0.516839 6.89741e-08
1.2 0.13125 0.0419819 0.0317493 0.411915 0.0460441 0.512379 6.85434e-08
1.2 0.2625 0.0405061 0.0316167 0.427506 0.0461954 0.503757 6.76948e-08
1.2 0.39375 0.0393613 0.0319099 0.444947 0.0476424 0.49173 6.64542e-08
1.2 0.525 0.0393636 0.0332035 0.457714 0.0520563 0.477408 6.48412e-08
1.2 0.65625 0.0411388 0.0364702 0.458157 0.0621349 0.46149 6.28191e-08
1.2 0.7875 0.0450279 0.0437575 0.438423 0.0815845 0.442844 6.0216e-08
1.2 0.91875 0.0509997 0.0598554 0.392052 0.113276 0.417021 5.66473e-08
1.2 1.05 0.0583744 0.0960508 0.317069 0.15376 0.37596 5.14639e-08
1.2 1.18125 0.0648496 0.177207 0.220276 0.185797 0.31051 4.37077e-08
1.2 1.3125 0.0642541 0.342953 0.121034 0.18058 0.218954 3.23686e-08
1.2 1.44375 0.0515747 0.571811 0.0527315 0.139442 0.13301 1.99693e-08
1.2 1.575 0.0369522 0.764254 0.0226373 0.100759 0.083104 1.18157e-08
1.2 1.70625 0.0274349 0.884296 0.011557 0.0757387 0.0590919 7.77962e-09
1.2 1.8375 0.023313 0.936403 0.00806273 0.0640283 0.0499419 6.23205e-09
1.2 1.96875 0.0239724 0.929018 0.00833588 0.0664909 0.0508571 6.33351e-09
1.2 2.1 0.0303001 0.856331 0.0126858 0.0871201 0.0610256 8.12131e-09
1.2 2.23125 0.0460875 0.704895 0.0254838 0.133567 0.082042 1.23124e-08
1.2 2.3625 0.0793937 0.483552 0.0556086 0.212637 0.112906 1.92391e-08
1.2 2.49375 0.141384 0.271844 0.100344 0.290173 0.13059 2.53399e-08
1.2 2.625 0.259859 0.148848 0.125826 0.292516 0.107029 2.56613e-08
1.2 2.75625 0.468914 0.0845049 0.11122 0.216406 0.0607361 1.99639e-08
1.2 2.8875 0.695498 0.0494992 0.0814505 0.13419 0.028031 1.2952e-08
1.2 3.01875 0.852768 0.0328729 0.0609926 0.085012 0.0140055 8.62605e-09
1.2 3.15 0.92652 0.0265302 0.0517202 0.063085 0.0094148 6.85854e-09
1.2 3.28125 0.925227 0.0266928 0.0524755 0.0611589 0.00966178 7.02217e-09
1.2 3.4125 0.85018 0.0327315 0.0649608 0.0763378 0.0150626 9.27253e-09
1.2 3.54375 0.694497 0.0453619 0.0961652 0.109433 0.0315969 1.47563e-08
1.2 3.675 0.469001 0.0624854 0.159696 0.161207 0.0741033 2.48252e-08
1.2 3.80625 0.251926 0.072659 0.250563 0.209065 0.151201 3.64645e-08
1.2 3.9375 0.133602 0.0724733 0.322071 0.219736 0.229283 4.39441e-08
1.2 4.06875 0.0892589 0.0704964 0.357622 0.213109 0.275787 4.72701e-08
1.275 0 0.0442373 0.0343468 0.395689 0.0498187 0.513197 6.84717e-08
1.275 0.13125 0.0432034 0.0339514 0.405307 0.049697 0.508713 6.80688e-08
1.275 0.2625 0.0417048 0.033462 0.42193 0.0499097 0.499868 6.72635e-08
1.275 0.39375 0.0406283 0.0333864 0.440575 0.0514322 0.487191 6.60634e-08
1.275 0.525 0.0408579 0.0343823 0.454433 0.0559658 0.471686 6.44735e-08
1.275 0.65625 0.0430471 0.0374241 0.455699 0.0662766 0.454179 6.24499e-08
1.275 0.7875 0.0474851 0.0444506 0.436646 0.0861296 0.433961 5.98283e-08
1.275 0.91875 0.053975 0.0599462 0.391243 0.118381 0.40733 5.62547e-08
1.275 1.05 0.0615962 0.0944014 0.318006 0.159587 0.367222 5.11471e-08
1.275 1.18125 0.0679472 0.170653 0.223763 0.192943 0.305436 4.36641e-08
1.275 1.3125 0.0672968 0.325735 0.126559 0.190243 0.219816 3.28997e-08
1.275 1.44375 0.0546115 0.546869 0.0570834 0.1495 0.136564 2.08331e-08
1.275 1.575 0.0393947 0.739175 0.0251389 0.108899 0.0864481 1.25602e-08
1.275 1.70625 0.0293015 0.862154 0.0130679 0.0820048 0.0621309 8.36438e-09
1.275 1.8375 0.024843 0.917359 0.00919406 0.0688124 0.0529904 6.73187e-09
1.275 1.96875 0.0253898 0.911357 0.00948422 0.070161 0.0542568 6.83683e-09
1.275 2.1 0.031749 0.838337 0.0142699 0.090024 0.0651999 8.72112e-09
1.275 2.23125 0.0475014 0.686559 0.0281852 0.135958 0.0875552 1.30958e-08
1.275 2.3625 0.0799717 0.467606 0.0602938 0.213943 0.119982 2.01817e-08
1.275 2.49375 0.139021 0.263248 0.106616 0.28844 0.137787 2.62258e-08
1.275 2.625 0.251828 0.14623 0.132836 0.290505 0.113455 2.65439e-08
1.275 2.75625 0.453546 0.0850314 0.118155 0.217219 0.0655987 2.09136e-08
1.275 2.8875 0.67764 0.0509626 0.0868759 0.136036 0.0308377 1.37527e-08
1.275 3.01875 0.835418 0.0343695 0.0650882 0.0872201 0.0156347 9.24039e-09
1.275 3.15 0.909858 0.0279658 0.0550679 0.0658602 0.0105966 7.3751e-09
1.275 3.28125 0.907745 0.0282002 0.0555411 0.0648319 0.0108594 7.54002e-09
1.275 3.4125 0.830443 0.0345116 0.068144 0.0813209 0.0167358 9.88497e-09
1.275 3.54375 0.672961 0.0475892 0.0997868 0.116245 0.0344274 1.55209e-08
1.275 3.675 0.449386 0.0650072 0.163044 0.169763 0.0786334 2.55769e-08
1.275 3.80625 0.241561 0.0752246 0.249354 0.216708 0.155227 3.66909e-08
1.275 3.9375 0.130056 0.0757114 0.315398 0.226428 0.230839 4.37301e-08
1.275 4.06875 0.0880377 0.0743161 0.348011 0.219777 0.275595 4.68715e-08
1.35 0 0.0467799 0.0397654 0.380913 0.0571961 0.505076 6.74191e-08
1.35 0.13125 0.045673 0.0388295 0.391709 0.057216 0.500654 6.70765e-08
1.35 0.2625 0.0441392 0.0374862 0.410377 0.057639 0.491534 6.6364e-08
1.35 0.39375 0.0432323 0.0365414 0.431391 0.0593736 0.477739 6.52501e-08
1.35 0.525 0.0439911 0.0368486 0.447354 0.0641375 0.460021 6.37071e-08
1.35 0.65625 0.0471418 0.0393901 0.450139 0.0747984 0.439451 6.16776e-08
1.35 0.7875 0.0528705 0.0458846 0.432278 0.0952145 0.416163 5.90128e-08
1.35 0.91875 0.0606044 0.0602322 0.388642 0.128219 0.387911 5.5422e-08
1.35 1.05 0.068852 0.0914803 0.318775 0.170444 0.349504 5.04532e-08
1.35 1.18125 0.0749217 0.158935 0.229576 0.206028 0.294407 4.34731e-08
1.35 1.3125 0.0738732 0.294526 0.136849 0.208255 0.219943 3.37721e-08
1.35 1.44375 0.0610593 0.498655 0.0661271 0.169553 0.143208 2.24992e-08
1.35 1.575 0.0446234 0.689117 0.0306612 0.125554 0.093285 1.4097e-08
1.35 1.70625 0.0332949 0.816828 0.0165299 0.0948999 0.0685194 9.61248e-09
1.35 1.8375 0.0280938 0.877442 0.0118374 0.0787036 0.0594604 7.81797e-09
1.35 1.96875 0.0283586 0.874001 0.0121668 0.0778172 0.0614891 7.93521e-09
1.35 2.1 0.0347112 0.800684 0.0179081 0.0961348 0.0740745 1.00186e-08
1.35 2.23125 0.0502639 0.648946 0.034214 0.14093 0.0992138 1.47549e-08
1.35 2.3625 0.0808404 0.435867 0.0703144 0.21627 0.134624 2.21015e-08
1.35 2.49375 0.134155 0.246563 0.11946 0.284405 0.152331 2.79779e-08
1.35 2.625 0.236217 0.140878 0.147036 0.285941 0.12656 2.82898e-08
1.35 2.75625 0.423003 0.0857844 0.132513 0.218541 0.0759343 2.28452e-08
1.35 2.8875 0.641029 0.0538136 0.0983666 0.139883 0.0370624 1.5447e-08
1.35 3.01875 0.799109 0.0374164 0.0738188 0.0918928 0.019349 1.05684e-08
1.35 3.15 0.874565 0.0309489 0.0622197 0.071669 0.0133329 8.50143e-09
1.35 3.28125 0.871006 0.0313603 0.0620855 0.0724231 0.013627 8.6636e-09
1.35 3.4125 0.789935 0.0382461 0.0748814 0.0915308 0.0205211 1.11884e-08
1.35 3.54375 0.629937 0.0522405 0.107226 0.130043 0.0405889 1.70893e-08
1.35 3.675 0.411936 0.0702385 0.169127 0.186342 0.0878071 2.69922e-08
1.35 3.80625 0.222774 0.0808573 0.245889 0.230672 0.162583 3.70319e-08
1.35 3.9375 0.123639 0.0830023 0.301675 0.238463 0.233134 4.32452e-08
1.35 4.06875 0.0858546 0.0829372 0.328773 0.231717 0.274374 4.60314e-08
1.425 0 0.0506266 0.0494569 0.357974 0.0684586 0.490901 6.57188e-08
1.425 0.13125 0.0494177 0.0474381 0.370504 0.0688647 0.486844 6.54797e-08
1.425 0.2625 0.0478621 0.0444131 0.392183 0.0698478 0.477744 6.49245e-08
1.425 0.39375 0.0472978 0.0417963 0.416648 0.0720743 0.462725 6.39532e-08
1.425 0.525 0.0490461 0.0408167 0.435575 0.0771667 0.442069 6.24838e-08
1.425 0.65625 0.0539978 0.0424711 0.440317 0.0880582 0.4172 6.04373e-08
1.425 0.7875 0.062193 0.0481318 0.423818 0.108695 0.389517 5.76914e-08
1.425 0.91875 0.072374 0.0608739 0.382408 0.141914 0.358862 5.4055e-08
1.425 1.05 0.0819355 0.0878944 0.317279 0.184644 0.322576 4.92648e-08
1.425 1.18125 0.0875057 0.14427 0.235503 0.222592 0.276154 4.29512e-08
1.425 1.3125 0.0851552 0.255123 0.150144 0.231622 0.216551 3.46473e-08
1.425 1.44375 0.0716441 0.431579 0.0801471 0.198662 0.151547 2.47664e-08
1.425 1.575 0.0533184 0.615037 0.0402396 0.151295 0.103755 1.64808e-08
1.425 1.70625 0.039929 0.747089 0.0229252 0.115155 0.078861 1.16687e-08
1.425 1.8375 0.033427 0.813995 0.0168831 0.09437 0.0701421 9.66327e-09
1.425 1.96875 0.0331103 0.813901 0.0172961 0.0900729 0.0734996 9.81556e-09
1.425 2.1 0.0392575 0.740953 0.0246884 0.105977 0.0887981 1.22084e-08
1.425 2.23125 0.0541613 0.590977 0.0449417 0.148683 0.118329 1.7455e-08
1.425 2.3625 0.081401 0.389451 0.0868734 0.218756 0.1576 2.50206e-08
1.425 2.49375 0.126652 0.223012 0.139311 0.27695 0.174334 3.0534e-08
1.425 2.625 0.214122 0.132716 0.168616 0.27777 0.146681 3.08378e-08
1.425 2.75625 0.378417 0.086147 0.155071 0.219499 0.0928511 2.5777e-08
1.425 2.8875 0.584614 0.0578137 0.117257 0.145874 0.0480357 1.82021e-08
1.425 3.01875 0.741453 0.0420591 0.0883701 0.0994629 0.0261991 1.28094e-08
1.425 3.15 0.81761 0.035659 0.0741809 0.0809984 0.0185023 1.04294e-08
1.425 3.28125 0.812328 0.036427 0.0729978 0.0844284 0.0188342 1.05711e-08
1.425 3.4125 0.727308 0.044248 0.0859195 0.107455 0.0273981 1.33307e-08
1.425 3.54375 0.566189 0.0596567 0.118726 0.151011 0.051071 1.95024e-08
1.425 3.675 0.360856 0.0785575 0.176426 0.20933 0.101511 2.8856e-08
1.425 3.80625 0.198831 0.0906694 0.238479 0.248318 0.171882 3.7294e-08
1.425 3.9375 0.115447 0.0961033 0.280437 0.253165 0.234615 4.23818e-08
1.425 4.06875 0.0831207 0.0984961 0.300099 0.246112 0.270548 4.46619e-08
1.5 0 0.0557198 0.0657272 0.32639 0.0833282 0.468589 6.32215e-08
1.5 0.13125 0.0544031 0.061635 0.341147 0.0846163 0.465521 6.31494e-08
1.5 0.2625 0.0528941 0.0554636 0.366694 0.0868679 0.457248 6.2843e-08
1.5 0.39375 0.0529661 0.0498191 0.395545 0.0901301 0.441427 6.20906e-08
1.5 0.525 0.0564223 0.0465941 0.418062 0.0956483 0.417567 6.07266e-08
1.5 0.65625 0.0645076 0.0467838 0.42483 0.10628 0.38754 5.86415e-08
1.5 0.7875 0.0771167 0.0512387 0.409372 0.126025 0.354432 5.57533e-08
1.5 0.91875 0.0918302 0.0619932 0.370132 0.157856 0.320716 5.20136e-08
1.5 1.05 0.10397 0.0842331 0.310709 0.199461 0.286645 4.74103e-08
1.5 1.18125 0.108735 0.128882 0.238528 0.238927 0.249766 4.18654e-08
1.5 1.3125 0.10336 0.214057 0.16363 0.255592 0.206739 3.51309e-08
1.5 1.44375 0.0874587 0.354368 0.0984353 0.233292 0.158584 2.71926e-08
1.5 1.575 0.0663976 0.520412 0.0552256 0.186091 0.117485 1.96616e-08
1.5 1.70625 0.0499082 0.653042 0.0339242 0.143703 0.0939254 1.46966e-08
1.5 1.8375 0.041297 0.725213 0.0259783 0.116784 0.0862787 1.25097e-08
1.5 1.96875 0.0398674 0.728705 0.0265928 0.107756 0.0918639 1.27504e-08
1.5 2.1 0.0453197 0.657534 0.0365974 0.120103 0.111268 1.55601e-08
1.5 2.23125 0.0586497 0.512963 0.0626151 0.159005 0.146786 2.13653e-08
1.5 2.3625 0.0807977 0.33177 0.111337 0.219534 0.189326 2.88533e-08
1.5 2.49375 0.11663 0.194703 0.166387 0.264644 0.20351 3.37574e-08
1.5 2.625 0.187449 0.121937 0.197429 0.264659 0.173899 3.40546e-08
1.5 2.75625 0.323065 0.0852542 0.18632 0.218313 0.117553 2.96239e-08
1.5 2.8875 0.508634 0.0623737 0.145502 0.15375 0.0659169 2.21929e-08
1.5 3.01875 0.660715 0.048181 0.110732 0.110358 0.0380978 1.6245e-08
1.5 3.15 0.736455 0.0422223 0.0926616 0.0944766 0.0277602 1.34457e-08
1.5 3.28125 0.729622 0.0436573 0.0897288 0.101551 0.0280929 1.35208e-08
1.5 3.4125 0.642215 0.0528542 0.102314 0.129712 0.0390465 1.64905e-08
1.5 3.54375 0.484674 0.0701632 0.134102 0.178729 0.0671533 2.27041e-08
1.5 3.675 0.303094 0.0906264 0.182327 0.235315 0.118835 3.08097e-08
1.5 3.80625 0.173283 0.106568 0.225487 0.265874 0.18113 3.72467e-08
1.5 3.9375 0.106621 0.117966 0.251582 0.266635 0.233174 4.0989e-08
1.5 4.06875 0.0802061 0.124629 0.262731 0.25877 0.262017 4.26259e-08
1.575 0 0.0617859 0.0924087 0.286224 0.100603 0.435944 5.97231e-08
1.575 0.13125 0.0604207 0.0844122 0.303584 0.103653 0.434914 5.99189e-08
1.575 0.2625 0.0591393 0.0724905 0.333667 0.108442 0.428912 6.00006e-08
1.575 0.39375 0.0603258 0.0615361 0.367601 0.113715 0.413364 5.9576e-08
1.575 0.525 0.066576 0.0545446 0.39403 0.119794 0.386612 5.83588e-08
1.575 0.65625 0.0798656 0.0524025 0.402455 0.12918 0.351082 5.61983e-08
1.575 0.7875 0.100077 0.0551444 0.387112 0.145911 0.311968 5.30676e-08
1.575 0.91875 0.122913 0.0635322 0.349304 0.173443 0.274779 4.91163e-08
1.575 1.05 0.139908 0.0807828 0.295991 0.21106 0.242797 4.46656e-08
1.575 1.18125 0.143449 0.114297 0.235257 0.250239 0.215364 3.99519e-08
1.575 1.3125 0.132189 0.176288 0.173838 0.274276 0.188774 3.48636e-08
1.575 1.44375 0.110297 0.279008 0.118391 0.266275 0.160147 2.91597e-08
1.575 1.575 0.0847023 0.414243 0.0763482 0.227022 0.132416 2.32764e-08
1.575 1.70625 0.063868 0.538357 0.0518163 0.180787 0.11409 1.87376e-08
1.575 1.8375 0.0520228 0.612187 0.0417787 0.146846 0.109391 1.65858e-08
1.575 1.96875 0.0485933 0.618762 0.0429296 0.13159 0.118756 1.70293e-08
1.575 2.1 0.0523984 0.551629 0.0567861 0.138606 0.143984 2.03169e-08
1.575 2.23125 0.062617 0.419139 0.0900431 0.170357 0.186111 2.64713e-08
1.575 2.3625 0.0782406 0.269273 0.144377 0.215802 0.2288 3.3316e-08
1.575 2.49375 0.10465 0.164438 0.200254 0.246345 0.238772 3.74239e-08
1.575 2.625 0.158771 0.109176 0.232594 0.245583 0.20761 3.77202e-08
1.575 2.75625 0.263 0.0823207 0.22549 0.212442 0.150515 3.41119e-08
1.575 2.8875 0.417006 0.0663082 0.184841 0.16206 0.0933748 2.74187e-08
1.575 3.01875 0.557657 0.0552048 0.143662 0.124601 0.0580914 2.11488e-08
1.575 3.15 0.630882 0.0504517 0.120158 0.112626 0.0438967 1.78769e-08
1.575 3.28125 0.623196 0.0530588 0.11425 0.124453 0.0440502 1.77857e-08
1.575 3.4125 0.537214 0.0641297 0.125009 0.158469 0.0578556 2.07571e-08
1.575 3.54375 0.392953 0.0837952 0.151687 0.210645 0.0895854 2.63741e-08
1.575 3.675 0.246658 0.107645 0.183793 0.25924 0.137786 3.24376e-08
1.575 3.80625 0.148961 0.131452 0.206001 0.278883 0.187946 3.66584e-08
1.575 3.9375 0.0979482 0.153062 0.21582 0.274063 0.226454 3.88776e-08
1.575 4.06875 0.0771964 0.166914 0.218306 0.264389 0.246507 3.97323e-08
1.65 0 0.0681063 0.135498 0.238549 0.117638 0.391213 5.49662e-08
1.65 0.13125 0.0669136 0.120267 0.258706 0.123842 0.39377 5.55972e-08
1.65 0.2625 0.066263 0.0980667 0.293699 0.133217 0.392197 5.62854e-08
1.65 0.39375 0.0693064 0.078083 0.333087 0.142104 0.378682 5.63487e-08
1.65 0.525 0.0798971 0.0650094 0.363401 0.148992 0.349973 5.53341e-08
1.65 0.65625 0.101442 0.059275 0.372676 0.155583 0.309208 5.30408e-08
1.65 0.7875 0.134261 0.0595679 0.355888 0.166042 0.264083 4.95086e-08
1.65 0.91875 0.171157 0.0650734 0.317985 0.185014 0.223409 4.51547e-08
1.65 1.05 0.196902 0.0772493 0.270474 0.214683 0.193345 4.07632e-08
1.65 1.18125 0.1987 0.100936 0.22253 0.251115 0.17452 3.69272e-08
1.65 1.3125 0.177177 0.144077 0.177278 0.281642 0.16278 3.35499e-08
1.65 1.44375 0.143329 0.214841 0.136082 0.289157 0.15322 3.0152e-08
1.65 1.575 0.108876 0.312566 0.101841 0.265552 0.143872 2.65589e-08
1.65 1.70625 0.0817372 0.41412 0.0783411 0.223088 0.137614 2.34083e-08
1.65 1.8375 0.0652261 0.481831 0.0676284 0.183811 0.140153 2.1853e-08
1.65 1.96875 0.0584801 0.489795 0.070232 0.161026 0.156004 2.2719e-08
1.65 2.1 0.0591198 0.430465 0.0890392 0.159737 0.18848 2.63905e-08
1.65 2.23125 0.0645066 0.320751 0.12884 0.178753 0.23476 3.22869e-08
1.65 2.3625 0.0735389 0.209789 0.185088 0.205142 0.272992 3.79647e-08
1.65 2.49375 0.0916821 0.135093 0.239511 0.221983 0.278036 4.12472e-08
1.65 2.625 0.130776 0.0954675 0.272259 0.220568 0.246248 4.15516e-08
1.65 2.75625 0.205544 0.0771607 0.269934 0.199827 0.190679 3.88099e-08
1.65 2.8875 0.320308 0.0679585 0.234233 0.167231 0.131897 3.34128e-08
1.65 3.01875 0.438448 0.0616416 0.189396 0.140732 0.0899541 2.74955e-08
1.65 3.15 0.505281 0.0593555 0.159327 0.135063 0.0708886 2.38773e-08
1.65 3.28125 0.498169 0.0638687 0.148254 0.152757 0.0702819 2.34321e-08
1.65 3.4125 0.421005 0.0773095 0.153302 0.191563 0.0860237 2.58517e-08
1.65 3.54375 0.303949 0.100337 0.167526 0.240689 0.117121 2.98791e-08
1.65 3.675 0.197456 0.131576 0.17869 0.275903 0.155686 3.34044e-08
1.65 3.80625 0.127429 0.169299 0.180247 0.282873 0.189899 3.53153e-08
1.65 3.9375 0.0895747 0.207484 0.174972 0.27039 0.212311 3.58333e-08
1.65 4.06875 0.073635 0.23288 0.169649 0.257344 0.222177 3.57491e-08
1.725 0 0.0731931 0.203411 0.185874 0.130164 0.333894 4.86658e-08
1.725 0.13125 0.0727542 0.175291 0.2087 0.14149 0.342025 5.00016e-08
1.725 0.2625 0.0735553 0.135361 0.248548 0.158443 0.347655 5.16319e-08
1.725 0.39375 0.0795493 0.100627 0.293336 0.173362 0.338477 5.24111e-08
1.725 0.525 0.0965074 0.078173 0.327157 0.181535 0.309289 5.16742e-08
1.725 0.65625 0.13045 0.0671232 0.336165 0.18327 0.264188 4.9168e-08
1.725 0.7875 0.183117 0.0638916 0.315916 0.183158 0.213736 4.50016e-08
1.725 0.91875 0.242844 0.0656612 0.27582 0.188349 0.17024 3.99517e-08
1.725 1.05 0.282925 0.0725677 0.233244 0.205758 0.142235 3.54686e-08
1.725 1.18125 0.282688 0.0880653 0.198518 0.236841 0.130565 3.25448e-08
1.725 1.3125 0.245352 0.117281 0.171158 0.272699 0.130781 3.09605e-08
1.725 1.44375 0.191273 0.164696 0.147705 0.2956 0.137528 2.98933e-08
1.725 1.575 0.140395 0.229881 0.127245 0.290917 0.147104 2.87816e-08
1.725 1.70625 0.10258 0.300737 0.111764 0.260455 0.158682 2.7747e-08
1.725 1.8375 0.0791891 0.35184 0.104936 0.221329 0.175012 2.75592e-08
1.725 1.96875 0.0674508 0.357976 0.111046 0.191034 0.201273 2.91535e-08
1.725 2.1 0.0633722 0.311828 0.134518 0.177598 0.240685 3.29079e-08
1.725 2.23125 0.0634766 0.233484 0.176949 0.17921 0.286209 3.79334e-08
1.725 2.3625 0.0672738 0.159128 0.230975 0.187264 0.317655 4.23662e-08
1.725 2.49375 0.078844 0.108903 0.281822 0.193005 0.318444 4.49368e-08
1.725 2.625 0.105617 0.0819662 0.313747 0.191111 0.287354 4.52581e-08
1.725 2.75625 0.156247 0.0703577 0.31573 0.180441 0.235467 4.32868e-08
1.725 2.8875 0.233687 0.066382 0.287725 0.164918 0.179381 3.92904e-08
1.725 3.01875 0.319353 0.065168 0.245102 0.153922 0.135188 3.44612e-08
1.725 3.15 0.373289 0.0666335 0.209541 0.158188 0.111938 3.0904e-08
1.725 3.28125 0.369079 0.0739777 0.18994 0.182267 0.109164 2.9845e-08
1.725 3.4125 0.31109 0.0907361 0.182381 0.221949 0.122838 3.09029e-08
1.725 3.54375 0.229583 0.120122 0.177228 0.261736 0.146343 3.26154e-08
1.725 3.675 0.157829 0.165021 0.166527 0.281469 0.169833 3.3507e-08
1.725 3.80625 0.108961 0.224798 0.149721 0.274243 0.184965 3.30407e-08
1.725 3.9375 0.0808974 0.287539 0.132236 0.251794 0.189684 3.16788e-08
1.725 4.06875 0.0684216 0.328986 0.121271 0.234 0.189071 3.05307e-08
1.8 0 0.074574 0.303966 0.132877 0.133364 0.266726 4.06906e-08
1.8 0.13125 0.0760905 0.255652 0.157361 0.151924 0.28183 4.30602e-08
1.8 0.2625 0.0798536 0.187443 0.201189 0.180244 0.297321 4.60775e-08
1.8 0.39375 0.0903098 0.129988 0.25078 0.204488 0.294909 4.78666e-08
1.8 0.525 0.116011 0.093887 0.287433 0.214773 0.267006 4.7501e-08
1.8 0.65625 0.167317 0.075372 0.295018 0.209307 0.219016 4.46896e-08
1.8 0.7875 0.248714 0.0671308 0.269482 0.193847 0.16479 3.9612e-08
1.8 0.91875 0.340271 0.0639073 0.22607 0.180779 0.120556 3.3589e-08
1.8 1.05 0.398626 0.0653776 0.188254 0.183665 0.0957419 2.89553e-08
1.8 1.18125 0.397478 0.0744802 0.165344 0.207234 0.0891192 2.68946e-08
1.8 1.3125 0.341847 0.0944224 0.154722 0.245777 0.0967017 2.703e-08
1.8 1.44375 0.259347 0.126853 0.150497 0.282731 0.115102 2.82819e-08
1.8 1.575 0.182196 0.169593 0.14799 0.297294 0.14078 2.96642e-08
1.8 1.70625 0.126465 0.214399 0.146585 0.282033 0.170985 3.09189e-08
1.8 1.8375 0.0922702 0.246006 0.149382 0.247672 0.20506 3.24694e-08
1.8 1.96875 0.073638 0.248102 0.161708 0.211505 0.244698 3.49718e-08
1.8 2.1 0.0643402 0.216601 0.188372 0.184932 0.290061 3.86406e-08
1.8 2.23125 0.0602232 0.166485 0.229594 0.170255 0.333041 4.27735e-08
1.8 2.3625 0.0603938 0.119466 0.278719 0.164245 0.35879 4.62284e-08
1.8 2.49375 0.0670815 0.0870867 0.324332 0.162074 0.356955 4.8257e-08
1.8 2.625 0.0845213 0.0696363 0.354081 0.159882 0.328034 4.86013e-08
1.8 2.75625 0.117347 0.0628804 0.358974 0.156452 0.281548 4.72395e-08
1.8 2.8875 0.166527 0.0622748 0.337961 0.154043 0.23101 4.43735e-08
1.8 3.01875 0.221679 0.0647313 0.300452 0.157921 0.189176 4.07119e-08
1.8 3.15 0.259181 0.0700302 0.261719 0.17388 0.164272 3.75145e-08
1.8 3.28125 0.259293 0.0812187 0.230748 0.203858 0.157444 3.57025e-08
1.8 3.4125 0.224196 0.103622 0.205305 0.241207 0.163533 3.50076e-08
1.8 3.54375 0.17385 0.144361 0.178791 0.269976 0.1735 3.43273e-08
1.8 3.675 0.127403 0.210656 0.148331 0.274166 0.177996 3.26552e-08
1.8 3.80625 0.0928977 0.301412 0.1172 0.251665 0.1723 2.97575e-08
1.8 3.9375 0.0710311 0.393408 0.0925406 0.219135 0.160558 2.65279e-08
1.8 4.06875 0.0606789 0.450103 0.0797073 0.197878 0.152071 2.44762e-08
1.875 0 0.070115 0.431977 0.0871604 0.126188 0.199677 3.17589e-08
1.875 0.13125 0.0748709 0.361185 0.11042 0.152116 0.219488 3.51388e-08
1.875 0.2625 0.0836943 0.255398 0.155555 0.194817 0.244924 3.98478e-08
1.875 0.39375 0.100486 0.166053 0.208575 0.23218 0.250953 4.29415e-08
1.875 0.525 0.137311 0.111515 0.247171 0.245793 0.225981 4.30458e-08
1.875 0.65625 0.210861 0.0831922 0.252538 0.23096 0.176915 3.98556e-08
1.875 0.7875 0.328338 0.0682384 0.221457 0.196429 0.121595 3.36926e-08
1.875 0.91875 0.452953 0.0591631 0.177238 0.165005 0.0805065 2.6843e-08
1.875 1.05 0.526816 0.0559771 0.145488 0.155666 0.0604802 2.23291e-08
1.875 1.18125 0.527617 0.0605001 0.131036 0.170854 0.0566503 2.09118e-08
1.875 1.3125 0.460527 0.0744247 0.131577 0.206614 0.0661267 2.21983e-08
1.875 1.44375 0.349669 0.0981585 0.143702 0.252259 0.0896233 2.5406e-08
1.875 1.575 0.237345 0.127719 0.160892 0.28465 0.126548 2.92283e-08
1.875 1.70625 0.155043 0.155575 0.177586 0.285007 0.172821 3.27538e-08
1.875 1.8375 0.105098 0.172814 0.194095 0.257002 0.224181 3.60231e-08
1.875 1.96875 0.0776775 0.171398 0.214707 0.217197 0.277552 3.94308e-08
1.875 2.1 0.063281 0.150481 0.24384 0.180596 0.329129 4.31003e-08
1.875 2.23125 0.0560315 0.119354 0.282111 0.154455 0.371111 4.66306e-08
1.875 2.3625 0.0537504 0.0902306 0.324985 0.139312 0.393591 4.94159e-08
1.875 2.49375 0.0569853 0.069901 0.364268 0.132195 0.391025 5.10623e-08
1.875 2.625 0.0678065 0.0590711 0.390632 0.129865 0.365588 5.14315e-08
1.875 2.75625 0.0884637 0.0556203 0.396709 0.131057 0.325655 5.05186e-08
1.875 2.8875 0.118914 0.0570312 0.380426 0.137242 0.282125 4.84512e-08
1.875 3.01875 0.15301 0.0616897 0.34677 0.151738 0.244877 4.5626e-08
1.875 3.15 0.177686 0.07009 0.305153 0.177162 0.220042 4.27131e-08
1.875 3.28125 0.181197 0.0859398 0.262354 0.211898 0.207973 4.02067e-08
1.875 3.4125 0.163511 0.11682 0.218759 0.246704 0.202924 3.79034e-08
1.875 3.54375 0.13464 0.17432 0.172723 0.265477 0.195715 3.50268e-08
1.875 3.675 0.10448 0.269952 0.126286 0.254632 0.178913 3.08685e-08
1.875 3.80625 0.078433 0.396356 0.086647 0.218276 0.153605 2.56705e-08
1.875 3.9375 0.0602542 0.511139 0.0612096 0.180686 0.131134 2.11437e-08
1.875 4.06875 0.0514781 0.575396 0.0499108 0.159769 0.119387 1.87274e-08
1.95 0 0.0612541 0.563907 0.0547285 0.114202 0.14544 2.36574e-08
1.95 0.13125 0.0689418 0.477408 0.0738556 0.14456 0.164961 2.74068e-08
1.95 0.2625 0.0839724 0.335193 0.115836 0.200578 0.195631 3.34513e-08
1.95 0.39375 0.108877 0.207162 0.169903 0.253974 0.20981 3.79723e-08
1.95 0.525 0.158667 0.129908 0.209429 0.27235 0.188861 3.86201e-08
1.95 0.65625 0.257737 0.0897372 0.212482 0.246816 0.140618 3.50412e-08
1.95 0.7875 0.412245 0.0669107 0.178132 0.192774 0.0876187 2.79412e-08
1.95 0.91875 0.561584 0.0526882 0.137464 0.147711 0.0528244 2.08991e-08
1.95 1.05 0.645637 0.0465036 0.112039 0.130096 0.0376505 1.68159e-08
1.95 1.18125 0.65056 0.0480814 0.102823 0.137732 0.0351845 1.57885e-08
1.95 1.3125 0.581896 0.0578476 0.108587 0.166661 0.0433709 1.74783e-08
1.95 1.44375 0.45481 0.0761652 0.130051 0.21202 0.0657936 2.17332e-08
1.95 1.575 0.306589 0.0989228 0.16459 0.256994 0.107576 2.76476e-08
1.95 1.70625 0.189704 0.117389 0.201464 0.272547 0.165934 3.34162e-08
1.95 1.8375 0.119039 0.125926 0.234246 0.251761 0.232217 3.83365e-08
1.95 1.96875 0.0811147 0.122202 0.264495 0.210739 0.298218 4.26064e-08
1.95 2.1 0.061642 0.107553 0.296075 0.168276 0.356408 4.63877e-08
1.95 2.23125 0.051883 0.0877591 0.330859 0.135612 0.399275 4.95639e-08
1.95 2.3625 0.047898 0.069595 0.367002 0.115518 0.420739 5.19129e-08
1.95 2.49375 0.0487804 0.0569586 0.399476 0.105812 0.419085 5.33015e-08
1.95 2.625 0.0551567 0.0504899 0.421617 0.103467 0.398038 5.36944e-08
1.95 2.75625 0.0679471 0.0491765 0.427313 0.107214 0.365173 5.3098e-08
1.95 2.8875 0.0867978 0.0517646 0.413481 0.11821 0.329186 5.15679e-08
1.95 3.01875 0.108142 0.057778 0.381585 0.1389 0.297286 4.92753e-08
1.95 3.15 0.124917 0.0687262 0.336483 0.170246 0.273139 4.65006e-08
1.95 3.28125 0.130488 0.0897124 0.282836 0.208154 0.25537 4.34043e-08
1.95 3.4125 0.123672 0.131295 0.223265 0.240824 0.237542 3.97336e-08
1.95 3.54375 0.108012 0.210364 0.160976 0.250749 0.211261 3.48495e-08
1.95 3.675 0.0871328 0.340883 0.103379 0.226276 0.172984 2.83245e-08
1.95 3.80625 0.0656158 0.497168 0.0619042 0.18185 0.133437 2.14128e-08
1.95 3.9375 0.0501772 0.621589 0.0399153 0.145565 0.106952 1.64806e-08
1.95 4.06875 0.0428226 0.686494 0.0311689 0.127179 0.0948466 1.41431e-08
2.025 0 0.0515203 0.680006 0.0345933 0.102793 0.107189 1.75151e-08
2.025 0.13125 0.0607987 0.584816 0.0492434 0.134922 0.124088 2.1086e-08
2.025 0.2625 0.0809315 0.416664 0.0849964 0.199602 0.154374 2.76175e-08
2.025 0.39375 0.114639 0.249919 0.137209 0.269118 0.174173 3.3347e-08
2.025 0.525 0.178109 0.147595 0.176654 0.293462 0.157523 3.45507e-08
2.025 0.65625 0.302994 0.094505 0.177965 0.257285 0.111681 3.06605e-08
2.025 0.7875 0.488482 0.0639777 0.143672 0.186874 0.0635883 2.30593e-08
2.025 0.91875 0.653209 0.0462616 0.108504 0.133184 0.0354371 1.6354e-08
2.025 1.05 0.743758 0.0385059 0.088206 0.109983 0.0240357 1.27787e-08
2.025 1.18125 0.753589 0.0383701 0.0821602 0.111549 0.0222668 1.19723e-08
2.025 1.3125 0.689117 0.0453366 0.0899675 0.133252 0.0285462 1.36388e-08
2.025 1.44375 0.558635 0.0598011 0.114772 0.17263 0.0471835 1.8072e-08
2.025 1.575 0.385204 0.0789402 0.160296 0.221535 0.0877601 2.52807e-08
2.025 1.70625 0.230149 0.0930926 0.216755 0.250104 0.153411 3.31601e-08
2.025 1.8375 0.134574 0.0968789 0.267109 0.237201 0.231694 3.96846e-08
2.025 1.96875 0.0848043 0.0917362 0.307726 0.197139 0.308623 4.4774e-08
2.025 2.1 0.0602322 0.080547 0.341903 0.152354 0.373268 4.87302e-08
2.025 2.23125 0.0483143 0.067211 0.373259 0.116997 0.418231 5.17092e-08
2.025 2.3625 0.0430985 0.0555036 0.402871 0.0949731 0.440283 5.37789e-08
2.025 2.49375 0.0424233 0.0475716 0.428681 0.084313 0.440657 5.49977e-08
2.025 2.625 0.0459446 0.0438392 0.446267 0.0820364 0.42436 5.54109e-08
2.025 2.75625 0.053859 0.043847 0.450459 0.0869078 0.398427 5.5032e-08
2.025 2.8875 0.0657981 0.0471213 0.437325 0.100005 0.369783 5.38571e-08
2.025 3.01875 0.0797754 0.054053 0.405618 0.123487 0.34325 5.18976e-08
2.025 3.15 0.0920381 0.0672139 0.356779 0.157678 0.319974 4.91702e-08
2.025 3.28125 0.0988141 0.0934983 0.293793 0.197099 0.296489 4.55776e-08
2.025 3.4125 0.098384 0.147161 0.221046 0.227665 0.265459 4.07376e-08
2.025 3.54375 0.0902667 0.251154 0.146183 0.229667 0.219746 3.40046e-08
2.025 3.675 0.0739289 0.416139 0.0827482 0.194892 0.162722 2.54187e-08
2.025 3.80625 0.0551256 0.589397 0.0443016 0.149444 0.115983 1.7682e-08
2.025 3.9375 0.0419552 0.713742 0.0266343 0.117332 0.0892418 1.29335e-08
2.025 4.06875 0.0357798 0.775395 0.0200982 0.101737 0.0777487 1.08452e-08
2.1 0 0.0431198 0.772241 0.0228121 0.093903 0.0816444 1.33144e-08
2.1 0.13125 0.0529675 0.67245 0.0339956 0.126622 0.0959507 1.6532e-08
2.1 0.2625 0.07616 0.488629 0.0634058 0.195789 0.123384 2.29322e-08
2.1 0.39375 0.117687 0.289867 0.11172 0.278547 0.145666 2.94113e-08
2.1 0.525 0.194039 0.163137 0.150269 0.309301 0.132842 3.11074e-08
2.1 0.65625 0.341863 0.0975279 0.150667 0.263933 0.0902653 2.70372e-08
2.1 0.7875 0.549668 0.0606266 0.118569 0.181635 0.0477911 1.93556e-08
2.1 0.91875 0.723334 0.0408839 0.0885078 0.122519 0.0249953 1.31685e-08
2.1 1.05 0.817852 0.0324364 0.07192 0.095334 0.0162091 1.00346e-08
2.1 1.18125 0.832505 0.0313757 0.0678266 0.0922159 0.0148302 9.35227e-09
2.1 1.3125 0.774708 0.0365608 0.0763525 0.1079 0.019542 1.08502e-08
2.1 1.44375 0.647802 0.0483279 0.101632 0.140422 0.0344197 1.504e-08
2.1 1.575 0.462568 0.0651025 0.151723 0.186709 0.0706247 2.2691e-08
2.1 1.70625 0.273531 0.0777694 0.223911 0.223762 0.138725 3.22904e-08
2.1 1.8375 0.151001 0.07929 0.291606 0.218678 0.225931 4.0341e-08
2.1 1.96875 0.088835 0.0732968 0.342545 0.181059 0.311777 4.61906e-08
2.1 2.1 0.0593311 0.0639383 0.379387 0.136376 0.382176 5.03416e-08
2.1 2.23125 0.0455321 0.0541811 0.407756 0.100806 0.429718 5.3216e-08
2.1 2.3625 0.039406 0.0461667 0.431597 0.0787022 0.453245 5.51089e-08
2.1 2.49375 0.037725 0.0410084 0.451447 0.068049 0.456145 5.62182e-08
2.1 2.625 0.0394826 0.0389199 0.464669 0.0658838 0.444395 5.66475e-08
2.1 2.75625 0.044478 0.0397109 0.466795 0.0710283 0.424673 5.64143e-08
2.1 2.8875 0.0524129 0.0433896 0.453252 0.0845651 0.402556 5.54714e-08
2.1 3.01875 0.0622378 0.0509956 0.420827 0.108645 0.380874 5.37204e-08
2.1 3.15 0.0720054 0.0660849 0.368474 0.143531 0.358437 5.0996e-08
2.1 3.28125 0.079512 0.0974689 0.297909 0.183122 0.329629 4.69939e-08
2.1 3.4125 0.082749 0.163532 0.214893 0.211468 0.286058 4.11592e-08
2.1 3.54375 0.078571 0.293194 0.131105 0.206685 0.222239 3.27666e-08
2.1 3.675 0.0641172 0.48564 0.0664999 0.166292 0.15164 2.26642e-08
2.1 3.80625 0.0472517 0.664775 0.0327667 0.123861 0.10275 1.48019e-08
2.1 3.9375 0.0358327 0.784078 0.0186925 0.0960708 0.0770278 1.04416e-08
2.1 4.06875 0.0305495 0.84054 0.0137457 0.0828333 0.0662972 8.61687e-09
2.175 0 0.0368373 0.838858 0.0161518 0.0877704 0.0651948 1.06388e-08
2.175 0.13125 0.0467353 0.736899 0.0249951 0.120664 0.0775733 1.35263e-08
2.175 0.2625 0.0713913 0.544288 0.04949 0.191967 0.102089 1.95817e-08
2.175 0.39375 0.118673 0.322822 0.0935035 0.283974 0.124777 2.63903e-08
2.175 0.525 0.205672 0.175432 0.130748 0.320561 0.114878 2.84603e-08
2.175 0.65625 0.371391 0.0992101 0.130874 0.268265 0.0755648 2.43302e-08
2.175 0.7875 0.593694 0.0576923 0.101478 0.17808 0.0379468 1.67932e-08
2.175 0.91875 0.772189 0.0368883 0.0752917 0.115442 0.0189139 1.10828e-08
2.175 1.05 0.86886 0.0282076 0.0612219 0.0853666 0.0118221 8.27873e-09
2.175 1.18125 0.88765 0.0266787 0.0583412 0.0787679 0.0106753 7.66577e-09
2.175 1.3125 0.836899 0.030779 0.0670783 0.0899591 0.0143157 8.98575e-09
2.175 1.44375 0.716081 0.040781 0.091889 0.116907 0.0263797 1.28396e-08
2.175 1.575 0.527608 0.0558878 0.142883 0.158557 0.0579941 2.04347e-08
2.175 1.70625 0.314417 0.0682447 0.225169 0.199206 0.12509 3.11665e-08
2.175 1.8375 0.166572 0.0689479 0.308057 0.200777 0.218245 4.05561e-08
2.175 1.96875 0.0927793 0.0624634 0.368269 0.166136 0.310833 4.70648e-08
2.175 2.1 0.0589046 0.0540275 0.407598 0.12279 0.385871 5.13968e-08
2.175 2.23125 0.0435502 0.0461927 0.433653 0.0882271 0.435874 5.42195e-08
2.175 2.3625 0.0367626 0.0402224 0.452889 0.0669007 0.461112 5.60032e-08
2.175 2.49375 0.0344536 0.0366364 0.467921 0.0566782 0.466455 5.70444e-08
2.175 2.625 0.0351668 0.0354908 0.477444 0.0546313 0.458557 5.74854e-08
2.175 2.75625 0.0384795 0.0367252 0.477485 0.0596455 0.443864 5.73461e-08
2.175 2.8875 0.0441646 0.0406438 0.46304 0.0728215 0.426989 5.65505e-08
2.175 3.01875 0.0517091 0.048751 0.42956 0.0963884 0.409237 5.49284e-08
2.175 3.15 0.0601413 0.0654269 0.374285 0.130794 0.387481 5.21899e-08
2.175 3.28125 0.0681083 0.101267 0.298023 0.169759 0.354162 4.78676e-08
2.175 3.4125 0.0733992 0.178684 0.207551 0.195959 0.299815 4.12261e-08
2.175 3.54375 0.0710182 0.331275 0.118118 0.185987 0.220963 3.14582e-08
2.175 3.675 0.0572593 0.541581 0.0551114 0.143906 0.14231 2.04479e-08
2.175 3.80625 0.0417945 0.720563 0.0256293 0.105314 0.0935813 1.27834e-08
2.175 3.9375 0.0316148 0.833135 0.014091 0.0809838 0.0690322 8.80204e-09
2.175 4.06875 0.026958 0.884015 0.0101809 0.0695178 0.05894 7.19192e-09
2.25 0 0.0327683 0.881157 0.0125976 0.0840646 0.0553754 9.08491e-09
2.25 0.13125 0.0425401 0.778416 0.0200345 0.117006 0.0665301 1.17373e-08
2.25 0.2625 0.0677602 0.581294 0.0413508 0.189297 0.0889556 1.74793e-08
2.25 0.39375 0.118587 0.345912 0.0819641 0.286901 0.11126 2.4376e-08
2.25 0.525 0.21302 0.183835 0.117988 0.327851 0.103266 2.66853e-08
2.25 0.65625 0.390694 0.10003 0.118149 0.271073 0.0664978 2.2562e-08
2.25 0.7875 0.621434 0.0555998 0.0909241 0.176126 0.0322789 1.52111e-08
2.25 0.91875 0.80223 0.034294 0.0672629 0.111279 0.0155792 9.84181e-09
2.25 1.05 0.899877 0.0255758 0.0547506 0.0792533 0.00948957 7.25117e-09
2.25 1.18125 0.921675 0.0238272 0.0525876 0.0703071 0.00847816 6.67538e-09
2.25 1.3125 0.876673 0.0273126 0.0613649 0.0785278 0.0114796 7.86276e-09
2.25 1.44375 0.761566 0.0362635 0.0856018 0.101735 0.0217689 1.14443e-08
2.25 1.575 0.573418 0.0503023 0.136215 0.139526 0.0500199 1.88398e-08
2.25 1.70625 0.346245 0.0626682 0.223676 0.18078 0.114916 3.01629e-08
2.25 1.8375 0.17893 0.063253 0.317712 0.186967 0.211449 4.05513e-08
2.25 1.96875 0.0959677 0.0565078 0.385009 0.154906 0.30854 4.7556e-08
2.25 2.1 0.05878 0.0485024 0.426297 0.113083 0.386815 5.20273e-08
2.25 2.23125 0.042299 0.0416399 0.45081 0.0797527 0.438705 5.48271e-08
2.25 2.3625 0.0350728 0.0367327 0.466864 0.0593287 0.465376 5.65482e-08
2.25 2.49375 0.0323997 0.033979 0.47853 0.0495837 0.472614 5.75501e-08
2.25 2.625 0.0325385 0.0333355 0.485381 0.0476326 0.467493 5.79987e-08
2.25 2.75625 0.0349452 0.0348034 0.483769 0.0524149 0.456318 5.79151e-08
2.25 2.8875 0.0394415 0.0388581 0.468431 0.0650421 0.443087 5.72061e-08
2.25 3.01875 0.0458028 0.047307 0.434002 0.0878181 0.428076 5.56587e-08
2.25 3.15 0.0535634 0.0651253 0.376652 0.121405 0.40678 5.2904e-08
2.25 3.28125 0.0618116 0.104296 0.296603 0.15954 0.370171 4.83595e-08
2.25 3.4125 0.0681852 0.190478 0.201314 0.184024 0.307883 4.11389e-08
2.25 3.54375 0.0664712 0.360003 0.108831 0.17072 0.218461 3.03923e-08
2.25 3.675 0.0529624 0.579995 0.0480795 0.128901 0.13587 1.89435e-08
2.25 3.80625 0.038404 0.756809 0.0215562 0.0933235 0.0878943 1.15246e-08
2.25 3.9375 0.0290074 0.863395 0.0115829 0.071325 0.0642443 7.8216e-09
2.25 4.06875 0.0247455 0.909667 0.00828197 0.0610289 0.0545872 6.35674e-09
2.325 0 0.0307884 0.90147 0.0110552 0.0823522 0.0507775 8.37574e-09
2.325 0.13125 0.0404534 0.798555 0.0178378 0.115307 0.0613443 1.09086e-08
2.325 0.2625 0.065835 0.599583 0.0376179 0.187994 0.0827135 1.64756e-08
2.325 0.39375 0.118302 0.357702 0.0764067 0.288197 0.104655 2.33762e-08
2.325 0.525 0.21651 0.188074 0.111706 0.331463 0.0975871 2.57993e-08
2.325 0.65625 0.400102 0.100347 0.111948 0.272513 0.0621938 2.16951e-08
2.325 0.7875 0.634671 0.0545252 0.0858915 0.175322 0.029696 1.4461e-08
2.325 0.91875 0.816328 0.0330264 0.0634663 0.109389 0.0141044 9.26598e-09
2.325 1.05 0.91431 0.0243209 0.0516986 0.0763642 0.00847858 6.77923e-09
2.325 1.18125 0.937685 0.0224873 0.0498728 0.0662251 0.00753043 6.21971e-09
2.325 1.3125 0.895893 0.025695 0.0586493 0.0729664 0.010238 7.33843e-09
2.325 1.44375 0.78416 0.0341568 0.0825418 0.0943196 0.0196836 1.07737e-08
2.325 1.575 0.59687 0.0476783 0.132726 0.13005 0.0462201 1.80284e-08
2.325 1.70625 0.363593 0.0600799 0.222185 0.17104 0.109564 2.95809e-08
2.325 1.8375 0.185807 0.0607348 0.322051 0.179511 0.207539 4.05001e-08
2.325 1.96875 0.0977568 0.0538794 0.393208 0.148924 0.306879 4.77735e-08
2.325 2.1 0.0587738 0.0460392 0.435582 0.108059 0.386813 5.23207e-08
2.325 2.23125 0.0416982 0.0395798 0.459331 0.0755121 0.439721 5.51124e-08
2.325 2.3625 0.0342518 0.0351231 0.473767 0.0556506 0.467195 5.68051e-08
2.325 2.49375 0.0314119 0.0327261 0.483704 0.0461985 0.475461 5.7789e-08
2.325 2.625 0.0312978 0.0322982 0.489159 0.0443005 0.471792 5.82414e-08
2.325 2.75625 0.0333109 0.0338654 0.486641 0.0489268 0.462423 5.81836e-08
2.325 2.8875 0.037297 0.0379822 0.470768 0.0611923 0.451053 5.75147e-08
2.325 3.01875 0.0431566 0.0466058 0.435789 0.0834416 0.437446 5.60015e-08
2.325 3.15 0.0506405 0.0650245 0.377365 0.116467 0.416377 5.32369e-08
2.325 3.28125 0.0590246 0.105983 0.295431 0.154052 0.378028 4.8578e-08
2.325 3.4125 0.0658611 0.196958 0.197788 0.177584 0.311518 4.10525e-08
2.325 3.54375 0.0643265 0.375366 0.10405 0.162709 0.216707 2.9801e-08
2.325 3.675 0.0509032 0.599401 0.044756 0.121431 0.132631 1.81919e-08
2.325 3.80625 0.0367876 0.774526 0.0197141 0.0874441 0.0851858 1.09241e-08
2.325 3.9375 0.0277688 0.877643 0.0104793 0.0666087 0.0620088 7.36508e-09
2.325 4.06875 0.0236973 0.921326 0.00745778 0.0568928 0.052569 5.9725e-09
