0 0 1.0367e-09 9.01152e-10 4.45151e-09 1.21032e-09 4.83265e-09 0
0 0.078125 1.03429e-09 9.03918e-10 4.46395e-09 1.20981e-09 4.8308e-09 0
0 0.15625 1.02952e-09 9.09329e-10 4.48782e-09 1.20888e-09 4.82652e-09 0
0 0.234375 1.02255e-09 9.17147e-10 4.52123e-09 1.20766e-09 4.8188e-09 0
0 0.3125 1.01359e-09 9.27031e-10 4.56153e-09 1.20634e-09 4.80637e-09 0
0 0.390625 1.00291e-09 9.38555e-10 4.60569e-09 1.20511e-09 4.78805e-09 0
0 0.46875 9.90875e-10 9.51231e-10 4.65053e-09 1.20418e-09 4.76304e-09 0
0 0.546875 9.77923e-10 9.64531e-10 4.69314e-09 1.20367e-09 4.73117e-09 0
0 0.625 9.64533e-10 9.77918e-10 4.73114e-09 1.20367e-09 4.69313e-09 0
0 0.703125 9.51229e-10 9.90867e-10 4.76299e-09 1.20417e-09 4.65051e-09 0
0 0.78125 9.3855e-10 1.00289e-09 4.78798e-09 1.2051e-09 4.60564e-09 0
0 0.859375 9.27022e-10 1.01357e-09 4.80626e-09 1.20632e-09 4.56147e-09 0
0 0.9375 9.17134e-10 1.02254e-09 4.81866e-09 1.20763e-09 4.52114e-09 0
0 1.01562 9.09312e-10 1.0295e-09 4.82636e-09 1.20885e-09 4.48771e-09 0
0 1.09375 9.03897e-10 1.03426e-09 4.8306e-09 1.20977e-09 4.46382e-09 0
0 1.17188 9.01127e-10 1.03667e-09 4.83243e-09 1.21027e-09 4.45136e-09 0
0 1.25 9.01122e-10 1.03667e-09 4.8324e-09 1.21027e-09 4.45134e-09 0
0 1.32812 9.03884e-10 1.03425e-09 4.83053e-09 1.20976e-09 4.46375e-09 0
0 1.40625 9.09291e-10 1.02948e-09 4.82623e-09 1.20882e-09 4.4876e-09 0
0 1.48438 9.17104e-10 1.02251e-09 4.81849e-09 1.20759e-09 4.52098e-09 0
0 1.5625 9.26985e-10 1.01354e-09 4.80605e-09 1.20627e-09 4.56127e-09 0
0 1.64062 9.38506e-10 1.00286e-09 4.78772e-09 1.20504e-09 4.6054e-09 0
0 1.71875 9.5118e-10 9.90824e-10 4.7627e-09 1.2041e-09 4.65022e-09 0
0 1.79688 9.64479e-10 9.7787e-10 4.73083e-09 1.20359e-09 4.69281e-09 0
0 1.875 9.77864e-10 9.6448e-10 4.6928e-09 1.20359e-09 4.73081e-09 0
0 1.95312 9.90814e-10 9.51178e-10 4.65019e-09 1.20409e-09 4.76264e-09 0
0 2.03125 1.00284e-09 9.385e-10 4.60534e-09 1.20502e-09 4.78764e-09 0
0 2.10938 1.01352e-09 9.26974e-10 4.56119e-09 1.20624e-09 4.80593e-09 0
0 2.1875 1.02249e-09 9.17089e-10 4.52088e-09 1.20756e-09 4.81835e-09 0
0 2.26562 1.02946e-09 9.09271e-10 4.48748e-09 1.20878e-09 4.82606e-09 0
0 2.34375 1.03422e-09 9.0386e-10 4.46361e-09 1.20971e-09 4.83033e-09 0
0 2.42188 1.03663e-09 9.01093e-10 4.45118e-09 1.21022e-09 4.83218e-09 0
0.0825 0 1.00568e-09 8.83012e-10 4.21537e-09 1.18926e-09 4.60574e-09 0
0.0825 0.078125 1.00345e-09 8.85459e-10 4.2284e-09 1.18878e-09 4.60419e-09 0
0.0825 0.15625 9.99059e-10 8.90252e-10 4.25342e-09 1.1879e-09 4.60047e-09 0
0.0825 0.234375 9.92637e-10 8.97193e-10 4.2884e-09 1.18675e-09 4.59341e-09 0
0.0825 0.3125 9.84393e-10 9.05997e-10 4.33056e-09 1.18551e-09 4.58161e-09 0
0.0825 0.390625 9.74602e-10 9.16302e-10 4.37664e-09 1.18436e-09 4.56369e-09 0
0.0825 0.46875 9.6361e-10 9.27685e-10 4.42327e-09 1.18349e-09 4.5387e-09 0
0.0825 0.546875 9.51821e-10 9.39684e-10 4.46733e-09 1.18301e-09 4.50636e-09 0
0.0825 0.625 9.39686e-10 9.51815e-10 4.50634e-09 1.18301e-09 4.46733e-09 0
0.0825 0.703125 9.27684e-10 9.63601e-10 4.53865e-09 1.18348e-09 4.42325e-09 0
0.0825 0.78125 9.16297e-10 9.74591e-10 4.56362e-09 1.18435e-09 4.3766e-09 0
0.0825 0.859375 9.05988e-10 9.84379e-10 4.58151e-09 1.18549e-09 4.3305e-09 0
0.0825 0.9375 8.9718e-10 9.92621e-10 4.59328e-09 1.18673e-09 4.28832e-09 0
0.0825 1.01562 8.90235e-10 9.9904e-10 4.60031e-09 1.18787e-09 4.25332e-09 0
0.0825 1.09375 8.85437e-10 1.00343e-09 4.60401e-09 1.18874e-09 4.22829e-09 0
0.0825 1.17188 8.82986e-10 1.00566e-09 4.60553e-09 1.18921e-09 4.21523e-09 0
0.0825 1.25 8.82981e-10 1.00565e-09 4.60551e-09 1.18921e-09 4.21521e-09 0
0.0825 1.32812 8.85423e-10 1.00342e-09 4.60394e-09 1.18873e-09 4.22823e-09 0
0.0825 1.40625 8.90212e-10 9.99021e-10 4.60019e-09 1.18784e-09 4.25322e-09 0
0.0825 1.48438 8.9715e-10 9.92595e-10 4.59312e-09 1.18669e-09 4.28818e-09 0
0.0825 1.5625 9.05951e-10 9.84348e-10 4.5813e-09 1.18544e-09 4.33031e-09 0
0.0825 1.64062 9.16253e-10 9.74554e-10 4.56337e-09 1.18429e-09 4.37637e-09 0
0.0825 1.71875 9.27635e-10 9.6356e-10 4.53837e-09 1.18341e-09 4.42297e-09 0
0.0825 1.79688 9.39632e-10 9.51769e-10 4.50603e-09 1.18293e-09 4.46702e-09 0
0.0825 1.875 9.51763e-10 9.39634e-10 4.46702e-09 1.18293e-09 4.50601e-09 0
0.0825 1.95312 9.6355e-10 9.27633e-10 4.42294e-09 1.1834e-09 4.53832e-09 0
0.0825 2.03125 9.74541e-10 9.16247e-10 4.37632e-09 1.18427e-09 4.56329e-09 0
0.0825 2.10938 9.8433e-10 9.0594e-10 4.33024e-09 1.18541e-09 4.58119e-09 0
0.0825 2.1875 9.92575e-10 8.97134e-10 4.28808e-09 1.18665e-09 4.59298e-09 0
0.0825 2.26562 9.98996e-10 8.90192e-10 4.25311e-09 1.1878e-09 4.60003e-09 0
0.0825 2.34375 1.00339e-09 8.85398e-10 4.2281e-09 1.18868e-09 4.60375e-09 0
0.0825 2.42188 1.00562e-09 8.82951e-10 4.21506e-09 1.18916e-09 4.6053e-09 0
0.165 0 9.46258e-10 8.51462e-10 3.77008e-09 1.14579e-09 4.1752e-09 0
0.165 0.078125 9.44407e-10 8.53188e-10 3.78419e-09 1.14544e-09 4.1743e-09 0
0.165 0.15625 9.4077e-10 8.5659e-10 3.81126e-09 1.14478e-09 4.17172e-09 0
0.165 0.234375 9.35482e-10 8.61566e-10 3.84908e-09 1.14392e-09 4.16611e-09 0
0.165 0.3125 9.28741e-10 8.67961e-10 3.89456e-09 1.143e-09 4.15571e-09 0
0.165 0.390625 9.20812e-10 8.75564e-10 3.9441e-09 1.14216e-09 4.13882e-09 0
0.165 0.46875 9.12013e-10 8.84108e-10 3.9939e-09 1.14151e-09 4.11413e-09 0
0.165 0.546875 9.02706e-10 8.93274e-10 4.04051e-09 1.14117e-09 4.08117e-09 0
0.165 0.625 8.93276e-10 9.02701e-10 4.08115e-09 1.14116e-09 4.0405e-09 0
0.165 0.703125 8.84107e-10 9.12005e-10 4.11409e-09 1.14151e-09 3.99388e-09 0
0.165 0.78125 8.75559e-10 9.20802e-10 4.13875e-09 1.14214e-09 3.94406e-09 0
0.165 0.859375 8.67952e-10 9.2873e-10 4.15562e-09 1.14298e-09 3.89451e-09 0
0.165 0.9375 8.61553e-10 9.35469e-10 4.166e-09 1.1439e-09 3.84901e-09 0
0.165 1.01562 8.56572e-10 9.40755e-10 4.17159e-09 1.14475e-09 3.81118e-09 0
0.165 1.09375 8.53165e-10 9.44389e-10 4.17414e-09 1.1454e-09 3.7841e-09 0
0.165 1.17188 8.51433e-10 9.46237e-10 4.17502e-09 1.14575e-09 3.76997e-09 0
0.165 1.25 8.51428e-10 9.46233e-10 4.175e-09 1.14574e-09 3.76995e-09 0
0.165 1.32812 8.5315e-10 9.44378e-10 4.17407e-09 1.14538e-09 3.78404e-09 0
0.165 1.40625 8.56548e-10 9.40737e-10 4.17148e-09 1.14471e-09 3.81109e-09 0
0.165 1.48438 8.6152e-10 9.35445e-10 4.16584e-09 1.14385e-09 3.84888e-09 0
0.165 1.5625 8.67913e-10 9.287e-10 4.15543e-09 1.14293e-09 3.89434e-09 0
0.165 1.64062 8.75514e-10 9.20768e-10 4.13852e-09 1.14208e-09 3.94385e-09 0
0.165 1.71875 8.84057e-10 9.11966e-10 4.11383e-09 1.14143e-09 3.99363e-09 0
0.165 1.79688 8.93223e-10 9.02657e-10 4.08087e-09 1.14108e-09 4.04022e-09 0
0.165 1.875 9.02651e-10 8.93226e-10 4.04022e-09 1.14108e-09 4.08085e-09 0
0.165 1.95312 9.11957e-10 8.84056e-10 3.99361e-09 1.14142e-09 4.11379e-09 0
0.165 2.03125 9.20755e-10 8.75509e-10 3.9438e-09 1.14206e-09 4.13846e-09 0
0.165 2.10938 9.28685e-10 8.67902e-10 3.89427e-09 1.1429e-09 4.15534e-09 0
0.165 2.1875 9.35426e-10 8.61505e-10 3.8488e-09 1.14382e-09 4.16572e-09 0
0.165 2.26562 9.40715e-10 8.56526e-10 3.811e-09 1.14468e-09 4.17134e-09 0
0.165 2.34375 9.44353e-10 8.53122e-10 3.78393e-09 1.14534e-09 4.17391e-09 0
0.165 2.42188 9.46204e-10 8.51395e-10 3.76983e-09 1.14569e-09 4.17481e-09 0
0.2475 0 8.63212e-10 8.15424e-10 3.1675e-09 1.07753e-09 3.58611e-09 0
0.2475 0.078125 8.61946e-10 8.15853e-10 3.1829e-09 1.07749e-09 3.5862e-09 0
0.2475 0.15625 8.59485e-10 8.1676e-10 3.21244e-09 1.07743e-09 3.58545e-09 0
0.2475 0.234375 8.55967e-10 8.18231e-10 3.25369e-09 1.07736e-09 3.58218e-09 0
0.2475 0.3125 8.51599e-10 8.20367e-10 3.30324e-09 1.07731e-09 3.5742e-09 0
0.2475 0.390625 8.46639e-10 8.23246e-10 3.35698e-09 1.07728e-09 3.55928e-09 0
0.2475 0.46875 8.4139e-10 8.26894e-10 3.4106e-09 1.07727e-09 3.53564e-09 0
0.2475 0.546875 8.36164e-10 8.31249e-10 3.46013e-09 1.07727e-09 3.50244e-09 0
0.2475 0.625 8.31253e-10 8.36158e-10 3.50242e-09 1.07727e-09 3.46012e-09 0
0.2475 0.703125 8.26896e-10 8.41383e-10 3.53561e-09 1.07726e-09 3.41058e-09 0
0.2475 0.78125 8.23244e-10 8.46632e-10 3.55923e-09 1.07727e-09 3.35694e-09 0
0.2475 0.859375 8.20359e-10 8.5159e-10 3.57413e-09 1.07729e-09 3.30319e-09 0
0.2475 0.9375 8.18218e-10 8.55958e-10 3.58209e-09 1.07733e-09 3.25364e-09 0
0.2475 1.01562 8.1674e-10 8.59474e-10 3.58534e-09 1.0774e-09 3.21238e-09 0
0.2475 1.09375 8.15826e-10 8.61934e-10 3.58607e-09 1.07746e-09 3.18283e-09 0
0.2475 1.17188 8.1539e-10 8.63197e-10 3.58596e-09 1.07749e-09 3.16742e-09 0
0.2475 1.25 8.15385e-10 8.63194e-10 3.58594e-09 1.07749e-09 3.16741e-09 0
0.2475 1.32812 8.15808e-10 8.61924e-10 3.58601e-09 1.07744e-09 3.18279e-09 0
0.2475 1.40625 8.16711e-10 8.59459e-10 3.58525e-09 1.07737e-09 3.21231e-09 0
0.2475 1.48438 8.18181e-10 8.55937e-10 3.58196e-09 1.07729e-09 3.25353e-09 0
0.2475 1.5625 8.20315e-10 8.51564e-10 3.57396e-09 1.07723e-09 3.30305e-09 0
0.2475 1.64062 8.23195e-10 8.46601e-10 3.55903e-09 1.0772e-09 3.35677e-09 0
0.2475 1.71875 8.26844e-10 8.41348e-10 3.53538e-09 1.07719e-09 3.41037e-09 0
0.2475 1.79688 8.312e-10 8.36118e-10 3.50218e-09 1.07718e-09 3.45988e-09 0
0.2475 1.875 8.36111e-10 8.31205e-10 3.45988e-09 1.07718e-09 3.50216e-09 0
0.2475 1.95312 8.41339e-10 8.26845e-10 3.41035e-09 1.07718e-09 3.53535e-09 0
0.2475 2.03125 8.46589e-10 8.23191e-10 3.35673e-09 1.07718e-09 3.55897e-09 0
0.2475 2.10938 8.51551e-10 8.20306e-10 3.303e-09 1.07721e-09 3.57389e-09 0
0.2475 2.1875 8.55921e-10 8.18164e-10 3.25347e-09 1.07726e-09 3.58186e-09 0
0.2475 2.26562 8.5944e-10 8.16688e-10 3.21224e-09 1.07733e-09 3.58513e-09 0
0.2475 2.34375 8.61903e-10 8.15777e-10 3.18271e-09 1.07739e-09 3.58588e-09 0
0.2475 2.42188 8.6317e-10 8.15346e-10 3.16732e-09 1.07744e-09 3.58579e-09 0
0.33 0 7.62729e-10 7.87085e-10 2.47931e-09 9.82007e-10 2.90176e-09 0
0.33 0.078125 7.62259e-10 7.8534e-10 2.49582e-09 9.82611e-10 2.90316e-09 0
0.33 0.15625 7.61403e-10 7.82086e-10 2.52752e-09 9.83753e-10 2.90488e-09 0
0.33 0.234375 7.60324e-10 7.77762e-10 2.57185e-09 9.85295e-10 2.90486e-09 0
0.33 0.3125 7.59262e-10 7.7294e-10 2.62509e-09 9.87028e-10 2.90042e-09 0
0.33 0.390625 7.5851e-10 7.68225e-10 2.68268e-09 9.88687e-10 2.8887e-09 0
0.33 0.46875 7.58384e-10 7.64148e-10 2.73972e-09 9.89993e-10 2.86726e-09 0
0.33 0.546875 7.59175e-10 7.61075e-10 2.79162e-09 9.90712e-10 2.83481e-09 0
0.33 0.625 7.61083e-10 7.59167e-10 2.8348e-09 9.9071e-10 2.79161e-09 0
0.33 0.703125 7.64153e-10 7.58376e-10 2.86724e-09 9.89985e-10 2.7397e-09 0
0.33 0.78125 7.68226e-10 7.58503e-10 2.88866e-09 9.88673e-10 2.68265e-09 0
0.33 0.859375 7.72935e-10 7.59257e-10 2.90037e-09 9.8701e-10 2.62505e-09 0
0.33 0.9375 7.77749e-10 7.60319e-10 2.9048e-09 9.85272e-10 2.57181e-09 0
0.33 1.01562 7.82064e-10 7.61398e-10 2.9048e-09 9.83726e-10 2.52748e-09 0
0.33 1.09375 7.85308e-10 7.62254e-10 2.90307e-09 9.82579e-10 2.49578e-09 0
0.33 1.17188 7.87044e-10 7.62723e-10 2.90166e-09 9.8197e-10 2.47927e-09 0
0.33 1.25 7.87036e-10 7.62721e-10 2.90164e-09 9.81964e-10 2.47926e-09 0
0.33 1.32812 7.85286e-10 7.62248e-10 2.90302e-09 9.82561e-10 2.49575e-09 0
0.33 1.40625 7.82029e-10 7.61387e-10 2.90472e-09 9.83694e-10 2.52744e-09 0
0.33 1.48438 7.77704e-10 7.60303e-10 2.90469e-09 9.85228e-10 2.57174e-09 0
0.33 1.5625 7.72883e-10 7.59236e-10 2.90023e-09 9.86953e-10 2.62495e-09 0
0.33 1.64062 7.6817e-10 7.58478e-10 2.88849e-09 9.88604e-10 2.68252e-09 0
0.33 1.71875 7.64096e-10 7.58347e-10 2.86705e-09 9.89905e-10 2.73953e-09 0
0.33 1.79688 7.61028e-10 7.59132e-10 2.8346e-09 9.90621e-10 2.79142e-09 0
0.33 1.875 7.59123e-10 7.61035e-10 2.79141e-09 9.90617e-10 2.83459e-09 0
0.33 1.95312 7.58336e-10 7.641e-10 2.73951e-09 9.89894e-10 2.86702e-09 0
0.33 2.03125 7.58467e-10 7.68168e-10 2.68248e-09 9.88587e-10 2.88845e-09 0
0.33 2.10938 7.59223e-10 7.72874e-10 2.62491e-09 9.86929e-10 2.90017e-09 0
0.33 2.1875 7.6029e-10 7.77686e-10 2.5717e-09 9.85199e-10 2.90461e-09 0
0.33 2.26562 7.61371e-10 7.82e-10 2.52739e-09 9.8366e-10 2.90463e-09 0
0.33 2.34375 7.62231e-10 7.85247e-10 2.4957e-09 9.8252e-10 2.90293e-09 0
0.33 2.42188 7.62702e-10 7.86988e-10 2.47921e-09 9.81918e-10 2.90153e-09 0
0.4125 0 6.51483e-10 7.80875e-10 1.78803e-09 8.58842e-10 2.19694e-09 0
0.4125 0.078125 6.51995e-10 7.75587e-10 1.80497e-09 8.60489e-10 2.1998e-09 0
0.4125 0.15625 6.53131e-10 7.65597e-10 1.83761e-09 8.63597e-10 2.20431e-09 0
0.4125 0.234375 6.55112e-10 7.51996e-10 1.88343e-09 8.67787e-10 2.20814e-09 0
0.4125 0.3125 6.58261e-10 7.36218e-10 1.93865e-09 8.72487e-10 2.20813e-09 0
0.4125 0.390625 6.62973e-10 7.198e-10 1.99839e-09 8.7698e-10 2.20075e-09 0
0.4125 0.46875 6.69669e-10 7.04128e-10 2.05724e-09 8.80517e-10 2.18286e-09 0
0.4125 0.546875 6.78703e-10 6.90231e-10 2.10999e-09 8.82465e-10 2.15259e-09 0
0.4125 0.625 6.90244e-10 6.78691e-10 2.15259e-09 8.82463e-10 2.10998e-09 0
0.4125 0.703125 7.04139e-10 6.69659e-10 2.18285e-09 8.80509e-10 2.05722e-09 0
0.4125 0.78125 7.19806e-10 6.62966e-10 2.20072e-09 8.76968e-10 1.99837e-09 0
0.4125 0.859375 7.36216e-10 6.58257e-10 2.2081e-09 8.7247e-10 1.93862e-09 0
0.4125 0.9375 7.51982e-10 6.55111e-10 2.2081e-09 8.67768e-10 1.88341e-09 0
0.4125 1.01562 7.6557e-10 6.53132e-10 2.20426e-09 8.63575e-10 1.8376e-09 0
0.4125 1.09375 7.75546e-10 6.51998e-10 2.19975e-09 8.60464e-10 1.80496e-09 0
0.4125 1.17188 7.80821e-10 6.51486e-10 2.19688e-09 8.58814e-10 1.78802e-09 0
0.4125 1.25 7.8081e-10 6.51485e-10 2.19687e-09 8.58808e-10 1.78802e-09 0
0.4125 1.32812 7.75515e-10 6.51993e-10 2.19971e-09 8.60447e-10 1.80495e-09 0
0.4125 1.40625 7.65523e-10 6.53125e-10 2.2042e-09 8.63546e-10 1.83757e-09 0
0.4125 1.48438 7.51924e-10 6.55101e-10 2.20802e-09 8.67726e-10 1.88337e-09 0
0.4125 1.5625 7.3615e-10 6.58243e-10 2.20799e-09 8.72415e-10 1.93856e-09 0
0.4125 1.64062 7.19739e-10 6.62949e-10 2.20059e-09 8.769e-10 1.99827e-09 0
0.4125 1.71875 7.04074e-10 6.69637e-10 2.1827e-09 8.80429e-10 2.0571e-09 0
0.4125 1.79688 6.90184e-10 6.78663e-10 2.15243e-09 8.82373e-10 2.10983e-09 0
0.4125 1.875 6.7865e-10 6.90196e-10 2.10982e-09 8.82369e-10 2.15243e-09 0
0.4125 1.95312 6.69624e-10 7.04082e-10 2.05708e-09 8.80418e-10 2.18268e-09 0
0.4125 2.03125 6.62937e-10 7.19741e-10 1.99825e-09 8.76883e-10 2.20056e-09 0
0.4125 2.10938 6.58232e-10 7.36143e-10 1.93853e-09 8.72394e-10 2.20795e-09 0
0.4125 2.1875 6.55089e-10 7.51904e-10 1.88334e-09 8.677e-10 2.20797e-09 0
0.4125 2.26562 6.53113e-10 7.65488e-10 1.83755e-09 8.63516e-10 2.20415e-09 0
0.4125 2.34375 6.51981e-10 7.75466e-10 1.80493e-09 8.60413e-10 2.19965e-09 0
0.4125 2.42188 6.51472e-10 7.80747e-10 1.788e-09 8.5877e-10 2.1968e-09 0
0.495 0 5.35899e-10 8.12641e-10 1.17301e-09 7.13011e-10 1.54688e-09 0
0.495 0.078125 5.37508e-10 8.01626e-10 1.18922e-09 7.1601e-10 1.55098e-09 0
0.495 0.15625 5.40886e-10 7.80843e-10 1.22066e-09 7.21701e-10 1.55798e-09 0
0.495 0.234375 5.46354e-10 7.52603e-10 1.26517e-09 7.29431e-10 1.56547e-09 0
0.495 0.3125 5.54392e-10 7.19921e-10 1.31927e-09 7.38181e-10 1.57e-09 0
0.495 0.390625 5.65613e-10 6.8597e-10 1.37813e-09 7.46622e-10 1.56748e-09 0
0.495 0.46875 5.807e-10 6.53537e-10 1.43606e-09 7.53316e-10 1.55414e-09 0
0.495 0.546875 6.00265e-10 6.24609e-10 1.48735e-09 7.57023e-10 1.52749e-09 0
0.495 0.625 6.24631e-10 6.00246e-10 1.5275e-09 7.5702e-10 1.48734e-09 0
0.495 0.703125 6.53557e-10 5.80686e-10 1.55413e-09 7.53307e-10 1.43604e-09 0
0.495 0.78125 6.85985e-10 5.65605e-10 1.56747e-09 7.46609e-10 1.37811e-09 0
0.495 0.859375 7.19925e-10 5.54389e-10 1.56998e-09 7.38166e-10 1.31925e-09 0
0.495 0.9375 7.5259e-10 5.46356e-10 1.56545e-09 7.29416e-10 1.26516e-09 0
0.495 1.01562 7.80807e-10 5.40891e-10 1.55796e-09 7.21685e-10 1.22066e-09 0
0.495 1.09375 8.01567e-10 5.37516e-10 1.55096e-09 7.15994e-10 1.18923e-09 0
0.495 1.17188 8.1256e-10 5.35908e-10 1.54685e-09 7.12994e-10 1.17302e-09 0
0.495 1.25 8.12544e-10 5.35907e-10 1.54685e-09 7.12989e-10 1.17302e-09 0
0.495 1.32812 8.01521e-10 5.37513e-10 1.55094e-09 7.15981e-10 1.18923e-09 0
0.495 1.40625 7.80738e-10 5.40887e-10 1.55792e-09 7.21662e-10 1.22066e-09 0
0.495 1.48438 7.52506e-10 5.4635e-10 1.5654e-09 7.29381e-10 1.26515e-09 0
0.495 1.5625 7.19835e-10 5.54382e-10 1.5699e-09 7.38118e-10 1.31922e-09 0
0.495 1.64062 6.85898e-10 5.65596e-10 1.56737e-09 7.46547e-10 1.37806e-09 0
0.495 1.71875 6.53478e-10 5.80675e-10 1.55402e-09 7.53232e-10 1.43596e-09 0
0.495 1.79688 6.24563e-10 6.00229e-10 1.52737e-09 7.56933e-10 1.48724e-09 0
0.495 1.875 6.0021e-10 6.24582e-10 1.48723e-09 7.5693e-10 1.52738e-09 0
0.495 1.95312 5.80658e-10 6.53495e-10 1.43594e-09 7.53221e-10 1.55401e-09 0
0.495 2.03125 5.65583e-10 6.85908e-10 1.37804e-09 7.46531e-10 1.56736e-09 0
0.495 2.10938 5.54371e-10 7.19833e-10 1.3192e-09 7.38098e-10 1.56988e-09 0
0.495 2.1875 5.46341e-10 7.52485e-10 1.26513e-09 7.29359e-10 1.56537e-09 0
0.495 2.26562 5.40878e-10 7.80694e-10 1.22065e-09 7.21639e-10 1.55789e-09 0
0.495 2.34375 5.37504e-10 8.01453e-10 1.18923e-09 7.15956e-10 1.55091e-09 0
0.495 2.42188 5.35897e-10 8.12454e-10 1.17303e-09 7.12962e-10 1.54681e-09 0
0.5775 0 4.21971e-10 8.98617e-10 6.92666e-10 5.5746e-10 1.01218e-09 0
0.5775 0.078125 4.24653e-10 8.78403e-10 7.06736e-10 5.61791e-10 1.01685e-09 0
0.5775 0.15625 4.30247e-10 8.40465e-10 7.34307e-10 5.7009e-10 1.02518e-09 0
0.5775 0.234375 4.39221e-10 7.89404e-10 7.73947e-10 5.81528e-10 1.03499e-09 0
0.5775 0.3125 4.52304e-10 7.31116e-10 8.2294e-10 5.94692e-10 1.04289e-09 0
0.5775 0.390625 4.70481e-10 6.71618e-10 8.77019e-10 6.07605e-10 1.0446e-09 0
0.5775 0.46875 4.9494e-10 6.15892e-10 9.30622e-10 6.17988e-10 1.03585e-09 0
0.5775 0.546875 5.26888e-10 5.67173e-10 9.77819e-10 6.23791e-10 1.01373e-09 0
0.5775 0.625 5.67207e-10 5.26861e-10 1.01373e-09 6.23788e-10 9.77805e-10 0
0.5775 0.703125 6.15929e-10 4.94922e-10 1.03585e-09 6.17979e-10 9.30605e-10 0
0.5775 0.78125 6.71651e-10 4.70473e-10 1.04459e-09 6.07593e-10 8.77004e-10 0
0.5775 0.859375 7.31134e-10 4.52302e-10 1.04288e-09 5.9468e-10 8.2293e-10 0
0.5775 0.9375 7.89394e-10 4.39225e-10 1.03499e-09 5.81516e-10 7.73947e-10 0
0.5775 1.01562 8.40417e-10 4.30253e-10 1.02518e-09 5.70081e-10 7.34318e-10 0
0.5775 1.09375 8.78314e-10 4.24661e-10 1.01685e-09 5.61784e-10 7.06757e-10 0
0.5775 1.17188 8.9849e-10 4.21978e-10 1.01218e-09 5.57454e-10 6.92694e-10 0
0.5775 1.25 8.98463e-10 4.21977e-10 1.01218e-09 5.57451e-10 6.92696e-10 0
0.5775 1.32812 8.78239e-10 4.24658e-10 1.01684e-09 5.61776e-10 7.06764e-10 0
0.5775 1.40625 8.40306e-10 4.30249e-10 1.02516e-09 5.70065e-10 7.34325e-10 0
0.5775 1.48438 7.89264e-10 4.3922e-10 1.03495e-09 5.8149e-10 7.7395e-10 0
0.5775 1.5625 7.31002e-10 4.52298e-10 1.04283e-09 5.94641e-10 8.22923e-10 0
0.5775 1.64062 6.7153e-10 4.7047e-10 1.04452e-09 6.0754e-10 8.76981e-10 0
0.5775 1.71875 6.15828e-10 4.9492e-10 1.03577e-09 6.17912e-10 9.30562e-10 0
0.5775 1.79688 5.67128e-10 5.26855e-10 1.01364e-09 6.23709e-10 9.77743e-10 0
0.5775 1.875 5.2683e-10 5.67159e-10 9.7773e-10 6.23705e-10 1.01365e-09 0
0.5775 1.95312 4.949e-10 6.1586e-10 9.30545e-10 6.17902e-10 1.03577e-09 0
0.5775 2.03125 4.70457e-10 6.71557e-10 8.76963e-10 6.07525e-10 1.04451e-09 0
0.5775 2.10938 4.5229e-10 7.31013e-10 8.2291e-10 5.94624e-10 1.04282e-09 0
0.5775 2.1875 4.39213e-10 7.89248e-10 7.73944e-10 5.81473e-10 1.03494e-09 0
0.5775 2.26562 4.30243e-10 8.40253e-10 7.34328e-10 5.70049e-10 1.02515e-09 0
0.5775 2.34375 4.24651e-10 8.78145e-10 7.06775e-10 5.61761e-10 1.01684e-09 0
0.5775 2.42188 4.2197e-10 8.98332e-10 6.92714e-10 5.57436e-10 1.01217e-09 0
0.66 0 3.15726e-10 1.05068e-09 3.68617e-10 4.11728e-10 6.23739e-10 0
0.66 0.078125 3.19247e-10 1.01629e-09 3.79375e-10 4.16865e-10 6.27972e-10 0
0.66 0.15625 3.26606e-10 9.52167e-10 4.00809e-10 4.26856e-10 6.35774e-10 0
0.66 0.234375 3.38466e-10 8.66927e-10 4.32401e-10 4.40939e-10 6.45543e-10 0
0.66 0.3125 3.55891e-10 7.71457e-10 4.72583e-10 4.57584e-10 6.54431e-10 0
0.66 0.390625 3.80406e-10 6.7648e-10 5.18157e-10 4.74346e-10 6.58426e-10 0
0.66 0.46875 4.13995e-10 5.90233e-10 5.6423e-10 4.88124e-10 6.53191e-10 0
0.66 0.546875 4.58942e-10 5.17305e-10 6.05044e-10 4.95938e-10 6.35568e-10 0
0.66 0.625 5.17357e-10 4.58905e-10 6.35576e-10 4.95935e-10 6.0503e-10 0
0.66 0.703125 5.90295e-10 4.13973e-10 6.53193e-10 4.88116e-10 5.64214e-10 0
0.66 0.78125 6.76541e-10 3.80396e-10 6.58423e-10 4.74334e-10 5.18143e-10 0
0.66 0.859375 7.71498e-10 3.5589e-10 6.54428e-10 4.57573e-10 4.72575e-10 0
0.66 0.9375 8.66928e-10 3.38469e-10 6.45543e-10 4.40931e-10 4.32403e-10 0
0.66 1.01562 9.5211e-10 3.26613e-10 6.35779e-10 4.26852e-10 4.0082e-10 0
0.66 1.09375 1.01616e-09 3.19256e-10 6.27983e-10 4.16865e-10 3.79395e-10 0
0.66 1.17188 1.0505e-09 3.15736e-10 6.23753e-10 4.1173e-10 3.68644e-10 0
0.66 1.25 1.05046e-09 3.15736e-10 6.23753e-10 4.1173e-10 3.68647e-10 0
0.66 1.32812 1.01605e-09 3.19255e-10 6.27981e-10 4.16862e-10 3.79404e-10 0
0.66 1.40625 9.51944e-10 3.26611e-10 6.35773e-10 4.26845e-10 4.00833e-10 0
0.66 1.48438 8.66736e-10 3.38468e-10 6.45529e-10 4.40915e-10 4.32415e-10 0
0.66 1.5625 7.71308e-10 3.55889e-10 6.54402e-10 4.57546e-10 4.72582e-10 0
0.66 1.64062 6.76374e-10 3.80399e-10 6.58383e-10 4.74293e-10 5.18139e-10 0
0.66 1.71875 5.90164e-10 4.1398e-10 6.5314e-10 4.8806e-10 5.64195e-10 0
0.66 1.79688 5.17263e-10 4.58914e-10 6.35515e-10 4.95866e-10 6.04995e-10 0
0.66 1.875 4.5888e-10 5.17309e-10 6.04983e-10 4.95863e-10 6.35521e-10 0
0.66 1.95312 4.13958e-10 5.90219e-10 5.6418e-10 4.8805e-10 6.53139e-10 0
0.66 2.03125 3.80387e-10 6.76428e-10 5.18124e-10 4.74279e-10 6.58377e-10 0
0.66 2.10938 3.55884e-10 7.71344e-10 4.72572e-10 4.57531e-10 6.54394e-10 0
0.66 2.1875 3.38466e-10 8.66735e-10 4.32412e-10 4.40903e-10 6.45523e-10 0
0.66 2.26562 3.26611e-10 9.51889e-10 4.00839e-10 4.26835e-10 6.35772e-10 0
0.66 2.34375 3.19256e-10 1.01594e-09 3.79418e-10 4.16857e-10 6.27984e-10 0
0.66 2.42188 3.15736e-10 1.05028e-09 3.68667e-10 4.11726e-10 6.2376e-10 0
0.7425 0 2.23709e-10 1.25899e-09 1.81635e-10 2.93957e-10 3.75041e-10 0
0.7425 0.078125 2.27591e-10 1.20573e-09 1.88803e-10 2.99057e-10 3.77995e-10 0
0.7425 0.15625 2.35776e-10 1.10677e-09 2.03406e-10 3.09161e-10 3.83626e-10 0
0.7425 0.234375 2.49153e-10 9.76303e-10 2.25684e-10 3.23829e-10 3.91064e-10 0
0.7425 0.3125 2.69187e-10 8.32504e-10 2.55234e-10 3.41816e-10 3.98362e-10 0
0.7425 0.390625 2.98056e-10 6.93077e-10 2.90213e-10 3.60633e-10 4.02268e-10 0
0.7425 0.46875 3.38792e-10 5.70781e-10 3.26868e-10 3.76614e-10 3.98824e-10 0
0.7425 0.546875 3.95233e-10 4.71465e-10 3.60066e-10 3.85873e-10 3.8493e-10 0
0.7425 0.625 4.71537e-10 3.95185e-10 3.84938e-10 3.8587e-10 3.60053e-10 0
0.7425 0.703125 5.70873e-10 3.38763e-10 3.98826e-10 3.76604e-10 3.26854e-10 0
0.7425 0.78125 6.93173e-10 2.98042e-10 4.02266e-10 3.6062e-10 2.90199e-10 0
0.7425 0.859375 8.32576e-10 2.69181e-10 3.98359e-10 3.41803e-10 2.55226e-10 0
0.7425 0.9375 9.76325e-10 2.49154e-10 3.91063e-10 3.23819e-10 2.25683e-10 0
0.7425 1.01562 1.10672e-09 2.35783e-10 3.83632e-10 3.09158e-10 2.03413e-10 0
0.7425 1.09375 1.2056e-09 2.27603e-10 3.78008e-10 2.99061e-10 1.88818e-10 0
0.7425 1.17188 1.25879e-09 2.23725e-10 3.7506e-10 2.93966e-10 1.81656e-10 0
0.7425 1.25 1.25873e-09 2.23728e-10 3.75062e-10 2.93968e-10 1.8166e-10 0
0.7425 1.32812 1.20546e-09 2.2761e-10 3.78013e-10 2.99065e-10 1.88828e-10 0
0.7425 1.40625 1.10651e-09 2.35793e-10 3.83637e-10 3.09162e-10 2.03428e-10 0
0.7425 1.48438 9.76082e-10 2.49166e-10 3.91064e-10 3.23818e-10 2.257e-10 0
0.7425 1.5625 8.32335e-10 2.69193e-10 3.98349e-10 3.4179e-10 2.5524e-10 0
0.7425 1.64062 6.92962e-10 2.98056e-10 4.02243e-10 3.60592e-10 2.90206e-10 0
0.7425 1.71875 5.7071e-10 3.38782e-10 3.98792e-10 3.7656e-10 3.26849e-10 0
0.7425 1.79688 4.71426e-10 3.9521e-10 3.84897e-10 3.85813e-10 3.60036e-10 0
0.7425 1.875 3.95167e-10 4.71491e-10 3.60025e-10 3.85809e-10 3.84903e-10 0
0.7425 1.95312 3.38756e-10 5.70792e-10 3.26835e-10 3.7655e-10 3.98793e-10 0
0.7425 2.03125 2.98041e-10 6.93046e-10 2.90193e-10 3.60578e-10 4.02239e-10 0
0.7425 2.10938 2.69185e-10 8.32399e-10 2.55231e-10 3.41775e-10 3.98343e-10 0
0.7425 2.1875 2.49164e-10 9.76102e-10 2.25697e-10 3.23806e-10 3.9106e-10 0
0.7425 2.26562 2.35796e-10 1.10647e-09 2.03433e-10 3.09157e-10 3.8364e-10 0
0.7425 2.34375 2.27619e-10 1.20534e-09 1.8884e-10 2.99067e-10 3.78023e-10 0
0.7425 2.42188 2.23741e-10 1.25855e-09 1.81678e-10 2.93975e-10 3.75078e-10 0
0.825 0 1.51431e-10 1.4721e-09 8.73141e-11 2.10234e-10 2.30186e-10 0
0.825 0.078125 1.5512e-10 1.39968e-09 9.16392e-11 2.14777e-10 2.31819e-10 0
0.825 0.15625 1.62998e-10 1.26491e-09 1.00655e-10 2.23901e-10 2.35026e-10 0
0.825 0.234375 1.76154e-10 1.08725e-09 1.1493e-10 2.37479e-10 2.39452e-10 0
0.825 0.3125 1.96425e-10 8.92624e-10 1.34805e-10 2.5475e-10 2.43999e-10 0
0.825 0.390625 2.26651e-10 7.07014e-10 1.5963e-10 2.73617e-10 2.46397e-10 0
0.825 0.46875 2.70975e-10 5.48919e-10 1.86972e-10 2.903e-10 2.43433e-10 0
0.825 0.546875 3.35042e-10 4.25558e-10 2.12681e-10 3.00239e-10 2.32344e-10 0
0.825 0.625 4.25648e-10 3.34983e-10 2.32351e-10 3.00234e-10 2.1267e-10 0
0.825 0.703125 5.49036e-10 2.70938e-10 2.43434e-10 2.90287e-10 1.86959e-10 0
0.825 0.78125 7.07136e-10 2.26627e-10 2.46392e-10 2.73599e-10 1.59617e-10 0
0.825 0.859375 8.92724e-10 1.9641e-10 2.43991e-10 2.54731e-10 1.34795e-10 0
0.825 0.9375 1.0873e-09 1.76148e-10 2.39448e-10 2.37465e-10 1.14926e-10 0
0.825 1.01562 1.26487e-09 1.63001e-10 2.35028e-10 2.23896e-10 1.00657e-10 0
0.825 1.09375 1.39956e-09 1.5513e-10 2.31828e-10 2.1478e-10 9.16472e-11 0
0.825 1.17188 1.47189e-09 1.51447e-10 2.302e-10 2.10242e-10 8.73261e-11 0
0.825 1.25 1.47183e-09 1.51451e-10 2.30202e-10 2.10245e-10 8.73288e-11 0
0.825 1.32812 1.39939e-09 1.55141e-10 2.31835e-10 2.14788e-10 9.16553e-11 0
0.825 1.40625 1.26463e-09 1.6302e-10 2.35039e-10 2.23907e-10 1.00671e-10 0
0.825 1.48438 1.08702e-09 1.76173e-10 2.39458e-10 2.37476e-10 1.14943e-10 0
0.825 1.5625 8.92455e-10 1.96438e-10 2.43995e-10 2.54734e-10 1.34812e-10 0
0.825 1.64062 7.069e-10 2.26656e-10 2.46383e-10 2.73587e-10 1.59628e-10 0
0.825 1.71875 5.48854e-10 2.7097e-10 2.43413e-10 2.90256e-10 1.86961e-10 0
0.825 1.79688 4.25526e-10 3.35023e-10 2.32324e-10 3.00188e-10 2.12662e-10 0
0.825 1.875 3.3497e-10 4.25605e-10 2.12653e-10 3.00184e-10 2.32329e-10 0
0.825 1.95312 2.70936e-10 5.48955e-10 1.86949e-10 2.90244e-10 2.43413e-10 0
0.825 2.03125 2.26633e-10 7.07007e-10 1.59615e-10 2.73568e-10 2.46376e-10 0
0.825 2.10938 1.96422e-10 8.92542e-10 1.34802e-10 2.54714e-10 2.43986e-10 0
0.825 2.1875 1.76166e-10 1.08707e-09 1.14938e-10 2.37462e-10 2.39452e-10 0
0.825 2.26562 1.63022e-10 1.26461e-09 1.00673e-10 2.23901e-10 2.3504e-10 0
0.825 2.34375 1.55151e-10 1.39928e-09 9.16626e-11 2.1479e-10 2.31843e-10 0
0.825 2.42188 1.51466e-10 1.47165e-09 8.73401e-11 2.10253e-10 2.30216e-10 0
0.9075 0 1.00077e-10 1.62203e-09 4.31944e-11 1.54492e-10 1.47926e-10 0
0.9075 0.078125 1.03232e-10 1.53562e-09 4.57339e-11 1.58502e-10 1.48751e-10 0
0.9075 0.15625 1.10065e-10 1.37418e-09 5.11325e-11 1.66581e-10 1.50394e-10 0
0.9075 0.234375 1.21734e-10 1.16042e-09 5.99649e-11 1.78728e-10 1.52697e-10 0
0.9075 0.3125 1.40287e-10 9.25874e-10 7.28283e-11 1.94524e-10 1.55049e-10 0
0.9075 0.390625 1.69032e-10 7.03632e-10 8.97775e-11 2.1238e-10 1.5598e-10 0
0.9075 0.46875 2.13033e-10 5.18034e-10 1.09483e-10 2.28777e-10 1.53107e-10 0
0.9075 0.546875 2.79582e-10 3.78013e-10 1.28866e-10 2.38831e-10 1.44177e-10 0
0.9075 0.625 3.78114e-10 2.79514e-10 1.44182e-10 2.38826e-10 1.28856e-10 0
0.9075 0.703125 5.18165e-10 2.12988e-10 1.53106e-10 2.28761e-10 1.0947e-10 0
0.9075 0.78125 7.03775e-10 1.69e-10 1.55972e-10 2.12356e-10 8.97646e-11 0
0.9075 0.859375 9.26002e-10 1.40266e-10 1.5504e-10 1.94501e-10 7.28186e-11 0
0.9075 0.9375 1.1605e-09 1.21725e-10 1.52691e-10 1.78712e-10 5.99603e-11 0
0.9075 1.01562 1.37418e-09 1.10064e-10 1.50394e-10 1.66574e-10 5.11325e-11 0
0.9075 1.09375 1.53552e-09 1.03238e-10 1.48755e-10 1.58501e-10 4.57371e-11 0
0.9075 1.17188 1.62184e-09 1.00086e-10 1.47932e-10 1.54494e-10 4.31999e-11 0
0.9075 1.25 1.62178e-09 1.00089e-10 1.47933e-10 1.54496e-10 4.32014e-11 0
0.9075 1.32812 1.53534e-09 1.03247e-10 1.48759e-10 1.58507e-10 4.57419e-11 0
0.9075 1.40625 1.37392e-09 1.10081e-10 1.50401e-10 1.66584e-10 5.11409e-11 0
0.9075 1.48438 1.16021e-09 1.21751e-10 1.52701e-10 1.78726e-10 5.99726e-11 0
0.9075 1.5625 9.25718e-10 1.40301e-10 1.55048e-10 1.94512e-10 7.28332e-11 0
0.9075 1.64062 7.03532e-10 1.6904e-10 1.55972e-10 2.12355e-10 8.97773e-11 0
0.9075 1.71875 5.17978e-10 2.13031e-10 1.53095e-10 2.28741e-10 1.09476e-10 0
0.9075 1.79688 3.77988e-10 2.79566e-10 1.44164e-10 2.38788e-10 1.28854e-10 0
0.9075 1.875 2.79506e-10 3.78076e-10 1.28845e-10 2.38782e-10 1.44168e-10 0
0.9075 1.95312 2.12989e-10 5.1809e-10 1.09465e-10 2.28724e-10 1.53092e-10 0
0.9075 2.03125 1.69009e-10 7.03652e-10 8.97651e-11 2.1233e-10 1.55963e-10 0
0.9075 2.10938 1.4028e-10 9.25825e-10 7.28238e-11 1.94488e-10 1.55037e-10 0
0.9075 2.1875 1.21741e-10 1.16028e-09 5.9968e-11 1.78709e-10 1.52695e-10 0
0.9075 2.26562 1.1008e-10 1.37392e-09 5.11408e-11 1.66576e-10 1.50401e-10 0
0.9075 2.34375 1.03253e-10 1.53526e-09 4.5745e-11 1.58506e-10 1.48763e-10 0
0.9075 2.42188 1.00099e-10 1.62161e-09 4.32067e-11 1.54499e-10 1.4794e-10 0
0.99 0 6.65175e-11 1.67595e-09 2.29244e-11 1.18111e-10 1.00024e-10 0
0.99 0.078125 6.90781e-11 1.58295e-09 2.4464e-11 1.21796e-10 1.00501e-10 0
0.99 0.15625 7.46881e-11 1.40847e-09 2.77904e-11 1.29198e-10 1.01435e-10 0
0.99 0.234375 8.44645e-11 1.17617e-09 3.33813e-11 1.40321e-10 1.02709e-10 0
0.99 0.3125 1.00452e-10 9.20209e-10 4.18331e-11 1.54894e-10 1.03918e-10 0
0.99 0.390625 1.26118e-10 6.77966e-10 5.34905e-11 1.71691e-10 1.04068e-10 0
0.99 0.46875 1.67029e-10 4.78086e-10 6.77193e-11 1.87547e-10 1.01428e-10 0
0.99 0.546875 2.31593e-10 3.31153e-10 8.23282e-11 1.97504e-10 9.42456e-11 0
0.99 0.625 3.31259e-10 2.31521e-10 9.42492e-11 1.97497e-10 8.23198e-11 0
0.99 0.703125 4.78226e-10 1.6698e-10 1.01426e-10 1.87527e-10 6.77082e-11 0
0.99 0.78125 6.78124e-10 1.26084e-10 1.0406e-10 1.71663e-10 5.34795e-11 0
0.99 0.859375 9.20364e-10 1.00431e-10 1.0391e-10 1.5487e-10 4.18254e-11 0
0.99 0.9375 1.17629e-09 8.44552e-11 1.02704e-10 1.40305e-10 3.33777e-11 0
0.99 1.01562 1.40851e-09 7.46867e-11 1.01434e-10 1.2919e-10 2.77898e-11 0
0.99 1.09375 1.58289e-09 6.90811e-11 1.00503e-10 1.21793e-10 2.44652e-11 0
0.99 1.17188 1.6758e-09 6.65234e-11 1.00027e-10 1.1811e-10 2.29269e-11 0
0.99 1.25 1.67574e-09 6.65254e-11 1.00028e-10 1.18111e-10 2.29277e-11 0
0.99 1.32812 1.58271e-09 6.90875e-11 1.00505e-10 1.21796e-10 2.44678e-11 0
0.99 1.40625 1.40824e-09 7.4699e-11 1.01438e-10 1.29196e-10 2.77946e-11 0
0.99 1.48438 1.17599e-09 8.44763e-11 1.02711e-10 1.40316e-10 3.33854e-11 0
0.99 1.5625 9.20076e-10 1.00463e-10 1.03917e-10 1.54883e-10 4.1836e-11 0
0.99 1.64062 6.77885e-10 1.26125e-10 1.04063e-10 1.71669e-10 5.34905e-11 0
0.99 1.71875 4.78043e-10 1.67028e-10 1.0142e-10 1.87515e-10 6.77153e-11 0
0.99 1.79688 3.31136e-10 2.31581e-10 9.42369e-11 1.97466e-10 8.23204e-11 0
0.99 1.875 2.31518e-10 3.31227e-10 8.23132e-11 1.97459e-10 9.42393e-11 0
0.99 1.95312 1.66983e-10 4.7816e-10 6.77051e-11 1.87495e-10 1.01416e-10 0
0.99 2.03125 1.26092e-10 6.78014e-10 5.348e-11 1.71641e-10 1.04054e-10 0
0.99 2.10938 1.00442e-10 9.20204e-10 4.18284e-11 1.54858e-10 1.03907e-10 0
0.99 2.1875 8.44666e-11 1.17608e-09 3.33818e-11 1.403e-10 1.02705e-10 0
0.99 2.26562 7.46974e-11 1.40827e-09 2.7794e-11 1.29188e-10 1.01437e-10 0
0.99 2.34375 6.90907e-11 1.58266e-09 2.44691e-11 1.21793e-10 1.00506e-10 0
0.99 2.42188 6.65315e-11 1.6756e-09 2.29302e-11 1.18111e-10 1.00031e-10 0
1.0725 0 4.61179e-11 1.6514e-09 1.35071e-11 9.49121e-11 7.15825e-11 0
1.0725 0.078125 4.81842e-11 1.55783e-09 1.45128e-11 9.84398e-11 7.19478e-11 0
1.0725 0.15625 5.27551e-11 1.38163e-09 1.67136e-11 1.05496e-10 7.26419e-11 0
1.0725 0.234375 6.08507e-11 1.14589e-09 2.04915e-11 1.16059e-10 7.35445e-11 0
1.0725 0.3125 7.43939e-11 8.85036e-10 2.63701e-11 1.29906e-10 7.43308e-11 0
1.0725 0.390625 9.67674e-11 6.38053e-10 3.47701e-11 1.46012e-10 7.42545e-11 0
1.0725 0.46875 1.33628e-10 4.35807e-10 4.54209e-11 1.61475e-10 7.19996e-11 0
1.0725 0.546875 1.93863e-10 2.89921e-10 5.67337e-11 1.71348e-10 6.61898e-11 0
1.0725 0.625 2.90028e-10 1.93793e-10 6.61926e-11 1.71341e-10 5.67267e-11 0
1.0725 0.703125 4.3595e-10 1.3358e-10 7.19966e-11 1.61454e-10 4.54116e-11 0
1.0725 0.78125 6.38221e-10 9.67349e-11 7.42473e-11 1.45984e-10 3.47613e-11 0
1.0725 0.859375 8.85211e-10 7.43755e-11 7.43243e-11 1.29884e-10 2.63644e-11 0
1.0725 0.9375 1.14604e-09 6.08429e-11 7.35417e-11 1.16045e-10 2.04889e-11 0
1.0725 1.01562 1.38171e-09 5.27537e-11 7.26419e-11 1.05489e-10 1.6713e-11 0
1.0725 1.09375 1.55782e-09 4.81862e-11 7.19493e-11 9.84362e-11 1.45134e-11 0
1.0725 1.17188 1.65131e-09 4.6122e-11 7.15847e-11 9.49105e-11 1.35084e-11 0
1.0725 1.25 1.65124e-09 4.61235e-11 7.1585e-11 9.49113e-11 1.35089e-11 0
1.0725 1.32812 1.55765e-09 4.8191e-11 7.19502e-11 9.84385e-11 1.45149e-11 0
1.0725 1.40625 1.38145e-09 5.2763e-11 7.26438e-11 1.05493e-10 1.6716e-11 0
1.0725 1.48438 1.14574e-09 6.08594e-11 7.35455e-11 1.16053e-10 2.04939e-11 0
1.0725 1.5625 8.84932e-10 7.44026e-11 7.43299e-11 1.29895e-10 2.63719e-11 0
1.0725 1.64062 6.37992e-10 9.67736e-11 7.4251e-11 1.45991e-10 3.47701e-11 0
1.0725 1.71875 4.35778e-10 1.33629e-10 7.1994e-11 1.61446e-10 4.54182e-11 0
1.0725 1.79688 2.89912e-10 1.93855e-10 6.6184e-11 1.71313e-10 5.67284e-11 0
1.0725 1.875 1.93793e-10 2.90002e-10 5.67224e-11 1.71306e-10 6.61857e-11 0
1.0725 1.95312 1.33585e-10 4.35896e-10 4.54097e-11 1.61424e-10 7.19898e-11 0
1.0725 2.03125 9.67419e-11 6.38128e-10 3.47617e-11 1.45963e-10 7.42425e-11 0
1.0725 2.10938 7.43837e-11 8.85073e-10 2.63662e-11 1.2987e-10 7.4322e-11 0
1.0725 2.1875 6.0851e-11 1.14586e-09 2.04912e-11 1.16038e-10 7.35414e-11 0
1.0725 2.26562 5.27612e-11 1.38152e-09 1.67153e-11 1.05485e-10 7.2643e-11 0
1.0725 2.34375 4.81928e-11 1.55764e-09 1.45155e-11 9.84347e-11 7.19513e-11 0
1.0725 2.42188 4.61276e-11 1.65116e-09 1.35102e-11 9.49098e-11 7.15872e-11 0
1.155 0 3.47992e-11 1.59511e-09 9.15337e-12 8.11669e-11 5.53777e-11 0
1.155 0.078125 3.65322e-11 1.50379e-09 9.88743e-12 8.46315e-11 5.57218e-11 0
1.155 0.15625 4.0392e-11 1.33134e-09 1.15083e-11 9.1542e-11 5.63623e-11 0
1.155 0.234375 4.7307e-11 1.09977e-09 1.43321e-11 1.01854e-10 5.71723e-11 0
1.155 0.3125 5.90613e-11 8.4272e-10 1.8815e-11 1.1536e-10 5.78591e-11 0
1.155 0.390625 7.88721e-11 5.99213e-10 2.53768e-11 1.31131e-10 5.78002e-11 0
1.155 0.46875 1.12271e-10 4.00785e-10 3.39134e-11 1.46416e-10 5.59119e-11 0
1.155 0.546875 1.68187e-10 2.5945e-10 4.31867e-11 1.56271e-10 5.10518e-11 0
1.155 0.625 2.59554e-10 1.68119e-10 5.10541e-11 1.56264e-10 4.31808e-11 0
1.155 0.703125 4.00927e-10 1.12226e-10 5.59092e-11 1.46394e-10 3.39056e-11 0
1.155 0.78125 5.99385e-10 7.88425e-11 5.77941e-11 1.31104e-10 2.53697e-11 0
1.155 0.859375 8.42904e-10 5.90452e-11 5.7854e-11 1.15339e-10 1.88105e-11 0
1.155 0.9375 1.09993e-09 4.73004e-11 5.71702e-11 1.01841e-10 1.43301e-11 0
1.155 1.01562 1.33144e-09 4.03907e-11 5.63625e-11 9.15348e-11 1.15078e-11 0
1.155 1.09375 1.50381e-09 3.65336e-11 5.57231e-11 8.46276e-11 9.88776e-12 0
1.155 1.17188 1.59506e-09 3.48024e-11 5.53798e-11 8.11649e-11 9.15423e-12 0
1.155 1.25 1.595e-09 3.48037e-11 5.53801e-11 8.11658e-11 9.1546e-12 0
1.155 1.32812 1.50365e-09 3.65377e-11 5.57241e-11 8.463e-11 9.88893e-12 0
1.155 1.40625 1.33119e-09 4.03985e-11 5.63641e-11 9.15387e-11 1.151e-11 0
1.155 1.48438 1.09965e-09 4.73141e-11 5.71732e-11 1.01848e-10 1.43338e-11 0
1.155 1.5625 8.4264e-10 5.90685e-11 5.78586e-11 1.15348e-10 1.88162e-11 0
1.155 1.64062 5.99169e-10 7.88777e-11 5.77977e-11 1.31111e-10 2.53769e-11 0
1.155 1.71875 4.00767e-10 1.12273e-10 5.59079e-11 1.46388e-10 3.39116e-11 0
1.155 1.79688 2.59447e-10 1.68182e-10 5.10477e-11 1.56238e-10 4.31829e-11 0
1.155 1.875 1.68122e-10 2.59534e-10 4.31778e-11 1.56231e-10 5.1049e-11 0
1.155 1.95312 1.12231e-10 4.00883e-10 3.39043e-11 1.46366e-10 5.59041e-11 0
1.155 2.03125 7.88485e-11 5.99306e-10 2.537e-11 1.31083e-10 5.77903e-11 0
1.155 2.10938 5.90518e-11 8.42788e-10 1.88117e-11 1.15325e-10 5.78521e-11 0
1.155 2.1875 4.73067e-11 1.09978e-09 1.43317e-11 1.01833e-10 5.717e-11 0
1.155 2.26562 4.03966e-11 1.33128e-09 1.15094e-11 9.15306e-11 5.63634e-11 0
1.155 2.34375 3.65389e-11 1.50366e-09 9.88924e-12 8.46257e-11 5.5725e-11 0
1.155 2.42188 3.48069e-11 1.59495e-09 9.15547e-12 8.11638e-11 5.53819e-11 0
1.2375 0 2.98103e-11 1.55352e-09 7.42215e-12 7.47757e-11 4.79808e-11 0
1.2375 0.078125 3.13791e-11 1.46419e-09 8.04181e-12 7.8221e-11 4.83257e-11 0
1.2375 0.15625 3.48858e-11 1.29524e-09 9.41653e-12 8.50841e-11 4.89632e-11 0
1.2375 0.234375 4.12057e-11 1.06795e-09 1.183e-11 9.53102e-11 4.97629e-11 0
1.2375 0.3125 5.2038e-11 8.15235e-10 1.57012e-11 1.08695e-10 5.04448e-11 0
1.2375 0.390625 7.04838e-11 5.75768e-10 2.1438e-11 1.24349e-10 5.04385e-11 0
1.2375 0.46875 1.0195e-10 3.8112e-10 2.89977e-11 1.39584e-10 4.87633e-11 0
1.2375 0.546875 1.55284e-10 2.43362e-10 3.73003e-11 1.49452e-10 4.43867e-11 0
1.2375 0.625 2.43464e-10 1.55219e-10 4.43888e-11 1.49445e-10 3.7295e-11 0
1.2375 0.703125 3.8126e-10 1.01907e-10 4.87608e-11 1.39563e-10 2.89907e-11 0
1.2375 0.78125 5.7594e-10 7.04561e-11 5.04329e-11 1.24323e-10 2.14316e-11 0
1.2375 0.859375 8.15422e-10 5.20232e-11 5.04404e-11 1.08674e-10 1.56973e-11 0
1.2375 0.9375 1.06812e-09 4.11997e-11 4.97612e-11 9.52975e-11 1.18283e-11 0
1.2375 1.01562 1.29536e-09 3.48845e-11 4.89634e-11 8.50768e-11 9.41606e-12 0
1.2375 1.09375 1.46423e-09 3.13803e-11 4.8327e-11 7.8217e-11 8.04206e-12 0
1.2375 1.17188 1.55349e-09 2.98132e-11 4.79828e-11 7.47737e-11 7.42286e-12 0
1.2375 1.25 1.55344e-09 2.98144e-11 4.79832e-11 7.47746e-11 7.42318e-12 0
1.2375 1.32812 1.46407e-09 3.13841e-11 4.8328e-11 7.82195e-11 8.04307e-12 0
1.2375 1.40625 1.29513e-09 3.48916e-11 4.89651e-11 8.50808e-11 9.41794e-12 0
1.2375 1.48438 1.06785e-09 4.12122e-11 4.9764e-11 9.53037e-11 1.18314e-11 0
1.2375 1.5625 8.15169e-10 5.20446e-11 5.04447e-11 1.08683e-10 1.57023e-11 0
1.2375 1.64062 5.75733e-10 7.04892e-11 5.04366e-11 1.2433e-10 2.14381e-11 0
1.2375 1.71875 3.81107e-10 1.01952e-10 4.87602e-11 1.39557e-10 2.89963e-11 0
1.2375 1.79688 2.43363e-10 1.55281e-10 4.43836e-11 1.49421e-10 3.72973e-11 0
1.2375 1.875 1.55224e-10 2.43448e-10 3.72928e-11 1.49413e-10 4.43848e-11 0
1.2375 1.95312 1.01912e-10 3.81221e-10 2.89898e-11 1.39535e-10 4.87567e-11 0
1.2375 2.03125 7.04619e-11 5.7587e-10 2.1432e-11 1.24302e-10 5.04298e-11 0
1.2375 2.10938 5.20292e-11 8.15318e-10 1.56984e-11 1.0866e-10 5.04388e-11 0
1.2375 2.1875 4.12054e-11 1.06799e-09 1.18296e-11 9.52894e-11 4.97611e-11 0
1.2375 2.26562 3.48898e-11 1.29522e-09 9.41742e-12 8.50726e-11 4.89645e-11 0
1.2375 2.34375 3.13851e-11 1.4641e-09 8.0433e-12 7.82151e-11 4.83289e-11 0
1.2375 2.42188 2.98172e-11 1.5534e-09 7.42389e-12 7.47724e-11 4.7985e-11 0
1.32 0 2.9814e-11 1.55353e-09 7.42338e-12 7.47807e-11 4.79857e-11 0
1.32 0.078125 3.13829e-11 1.46419e-09 8.04311e-12 7.82259e-11 4.83305e-11 0
1.32 0.15625 3.48899e-11 1.29525e-09 9.41798e-12 8.50888e-11 4.89679e-11 0
1.32 0.234375 4.12102e-11 1.06796e-09 1.18317e-11 9.53148e-11 4.97676e-11 0
1.32 0.3125 5.20432e-11 8.15244e-10 1.57034e-11 1.08699e-10 5.04495e-11 0
1.32 0.390625 7.04902e-11 5.75779e-10 2.14406e-11 1.24354e-10 5.04432e-11 0
1.32 0.46875 1.01958e-10 3.81132e-10 2.9001e-11 1.39589e-10 4.87679e-11 0
1.32 0.546875 1.55293e-10 2.43374e-10 3.73042e-11 1.49457e-10 4.43911e-11 0
1.32 0.625 2.43474e-10 1.55229e-10 4.43931e-11 1.49449e-10 3.72989e-11 0
1.32 0.703125 3.81271e-10 1.01915e-10 4.87655e-11 1.39568e-10 2.89941e-11 0
1.32 0.78125 5.75949e-10 7.04627e-11 5.04377e-11 1.24327e-10 2.14344e-11 0
1.32 0.859375 8.15429e-10 5.20286e-11 5.04452e-11 1.08679e-10 1.56995e-11 0
1.32 0.9375 1.06812e-09 4.12043e-11 4.9766e-11 9.53023e-11 1.183e-11 0
1.32 1.01562 1.29536e-09 3.48887e-11 4.89682e-11 8.50818e-11 9.41756e-12 0
1.32 1.09375 1.46423e-09 3.13843e-11 4.83319e-11 7.82221e-11 8.0434e-12 0
1.32 1.17188 1.5535e-09 2.9817e-11 4.79878e-11 7.47789e-11 7.42413e-12 0
1.32 1.25 1.55344e-09 2.98182e-11 4.79883e-11 7.47798e-11 7.42445e-12 0
1.32 1.32812 1.46408e-09 3.13881e-11 4.83331e-11 7.82246e-11 8.04441e-12 0
1.32 1.40625 1.29513e-09 3.48958e-11 4.89701e-11 8.50858e-11 9.41945e-12 0
1.32 1.48438 1.06786e-09 4.12169e-11 4.97689e-11 9.53085e-11 1.18332e-11 0
1.32 1.5625 8.1518e-10 5.20501e-11 5.04496e-11 1.08688e-10 1.57046e-11 0
1.32 1.64062 5.75746e-10 7.04958e-11 5.04416e-11 1.24335e-10 2.14409e-11 0
1.32 1.71875 3.8112e-10 1.0196e-10 4.87651e-11 1.39562e-10 2.89998e-11 0
1.32 1.79688 2.43375e-10 1.55291e-10 4.43883e-11 1.49426e-10 3.73015e-11 0
1.32 1.875 1.55234e-10 2.43459e-10 3.7297e-11 1.49418e-10 4.43894e-11 0
1.32 1.95312 1.01921e-10 3.81233e-10 2.89934e-11 1.39541e-10 4.87616e-11 0
1.32 2.03125 7.04688e-11 5.7588e-10 2.14349e-11 1.24307e-10 5.04349e-11 0
1.32 2.10938 5.20348e-11 8.15327e-10 1.57007e-11 1.08665e-10 5.04439e-11 0
1.32 2.1875 4.12102e-11 1.06799e-09 1.18315e-11 9.52945e-11 4.97662e-11 0
1.32 2.26562 3.48941e-11 1.29522e-09 9.41898e-12 8.50778e-11 4.89696e-11 0
1.32 2.34375 3.13892e-11 1.46411e-09 8.0447e-12 7.82204e-11 4.83341e-11 0
1.32 2.42188 2.98211e-11 1.55341e-09 7.4252e-12 7.47778e-11 4.79902e-11 0
1.4025 0 3.48112e-11 1.5951e-09 9.15761e-12 8.1182e-11 5.53929e-11 0
1.4025 0.078125 3.65445e-11 1.50378e-09 9.8919e-12 8.46463e-11 5.57367e-11 0
1.4025 0.15625 4.04051e-11 1.33133e-09 1.15133e-11 9.15564e-11 5.63771e-11 0
1.4025 0.234375 4.73215e-11 1.09977e-09 1.4338e-11 1.01869e-10 5.71871e-11 0
1.4025 0.3125 5.90781e-11 8.42737e-10 1.88222e-11 1.15375e-10 5.7874e-11 0
1.4025 0.390625 7.88921e-11 5.99241e-10 2.53858e-11 1.31146e-10 5.78154e-11 0
1.4025 0.46875 1.12295e-10 4.00818e-10 3.39244e-11 1.4643e-10 5.59268e-11 0
1.4025 0.546875 1.68215e-10 2.59483e-10 4.31994e-11 1.56286e-10 5.1066e-11 0
1.4025 0.625 2.59584e-10 1.68149e-10 5.10682e-11 1.56278e-10 4.31937e-11 0
1.4025 0.703125 4.00956e-10 1.12251e-10 5.59242e-11 1.46409e-10 3.39169e-11 0
1.4025 0.78125 5.99407e-10 7.88633e-11 5.78095e-11 1.31119e-10 2.5379e-11 0
1.4025 0.859375 8.42916e-10 5.90626e-11 5.78693e-11 1.15354e-10 1.88179e-11 0
1.4025 0.9375 1.09993e-09 4.73153e-11 5.71854e-11 1.01856e-10 1.43362e-11 0
1.4025 1.01562 1.33143e-09 4.04041e-11 5.63777e-11 9.15498e-11 1.15129e-11 0
1.4025 1.09375 1.5038e-09 3.65463e-11 5.57385e-11 8.4643e-11 9.89237e-12 0
1.4025 1.17188 1.59505e-09 3.48148e-11 5.53954e-11 8.11806e-11 9.15861e-12 0
1.4025 1.25 1.595e-09 3.48161e-11 5.53958e-11 8.11815e-11 9.15899e-12 0
1.4025 1.32812 1.50364e-09 3.65504e-11 5.57397e-11 8.46455e-11 9.89356e-12 0
1.4025 1.40625 1.3312e-09 4.0412e-11 5.63796e-11 9.15539e-11 1.15152e-11 0
1.4025 1.48438 1.09966e-09 4.73291e-11 5.71887e-11 1.01863e-10 1.43399e-11 0
1.4025 1.5625 8.42661e-10 5.90859e-11 5.78743e-11 1.15364e-10 1.88238e-11 0
1.4025 1.64062 5.992e-10 7.88985e-11 5.78137e-11 1.31127e-10 2.53863e-11 0
1.4025 1.71875 4.00802e-10 1.12298e-10 5.59238e-11 1.46404e-10 3.39231e-11 0
1.4025 1.79688 2.59482e-10 1.68211e-10 5.10629e-11 1.56255e-10 4.31965e-11 0
1.4025 1.875 1.68154e-10 2.59567e-10 4.31917e-11 1.56247e-10 5.10642e-11 0
1.4025 1.95312 1.12257e-10 4.00914e-10 3.39163e-11 1.46382e-10 5.59201e-11 0
1.4025 2.03125 7.88703e-11 5.99331e-10 2.53797e-11 1.31099e-10 5.78066e-11 0
1.4025 2.10938 5.90698e-11 8.42802e-10 1.88195e-11 1.15341e-10 5.78682e-11 0
1.4025 2.1875 4.73222e-11 1.09978e-09 1.4338e-11 1.01849e-10 5.71859e-11 0
1.4025 2.26562 4.04105e-11 1.33127e-09 1.15148e-11 9.15463e-11 5.63794e-11 0
1.4025 2.34375 3.6552e-11 1.50366e-09 9.89404e-12 8.46418e-11 5.57411e-11 0
1.4025 2.42188 3.48196e-11 1.59494e-09 9.16001e-12 8.11802e-11 5.53982e-11 0
1.485 0 4.61408e-11 1.65132e-09 1.35164e-11 9.49378e-11 7.16096e-11 0
1.485 0.078125 4.82076e-11 1.55776e-09 1.45226e-11 9.84653e-11 7.19748e-11 0
1.485 0.15625 5.278e-11 1.38158e-09 1.67245e-11 1.05521e-10 7.2669e-11 0
1.485 0.234375 6.08781e-11 1.14586e-09 2.05042e-11 1.16084e-10 7.35721e-11 0
1.485 0.3125 7.44254e-11 8.85036e-10 2.63856e-11 1.29933e-10 7.43592e-11 0
1.485 0.390625 9.68043e-11 6.38081e-10 3.4789e-11 1.46039e-10 7.42837e-11 0
1.485 0.46875 1.33671e-10 4.35853e-10 4.54433e-11 1.61503e-10 7.20287e-11 0
1.485 0.546875 1.93911e-10 2.89973e-10 5.67593e-11 1.71376e-10 6.62178e-11 0
1.485 0.625 2.90075e-10 1.93843e-10 6.62205e-11 1.71369e-10 5.67527e-11 0
1.485 0.703125 4.35989e-10 1.33625e-10 7.20259e-11 1.61483e-10 4.54347e-11 0
1.485 0.78125 6.3824e-10 9.67731e-11 7.42769e-11 1.46013e-10 3.47808e-11 0
1.485 0.859375 8.85201e-10 7.44081e-11 7.43534e-11 1.29911e-10 2.63804e-11 0
1.485 0.9375 1.146e-09 6.08713e-11 7.357e-11 1.16072e-10 2.0502e-11 0
1.485 1.01562 1.38165e-09 5.27793e-11 7.26697e-11 1.05515e-10 1.67242e-11 0
1.485 1.09375 1.55775e-09 4.82104e-11 7.19772e-11 9.84626e-11 1.45235e-11 0
1.485 1.17188 1.65123e-09 4.61456e-11 7.16128e-11 9.49373e-11 1.3518e-11 0
1.485 1.25 1.65117e-09 4.61471e-11 7.16132e-11 9.49382e-11 1.35185e-11 0
1.485 1.32812 1.55758e-09 4.82152e-11 7.19784e-11 9.84651e-11 1.45251e-11 0
1.485 1.40625 1.3814e-09 5.27887e-11 7.2672e-11 1.05519e-10 1.67273e-11 0
1.485 1.48438 1.14572e-09 6.08878e-11 7.35743e-11 1.16079e-10 2.05071e-11 0
1.485 1.5625 8.84937e-10 7.44351e-11 7.43597e-11 1.29923e-10 2.6388e-11 0
1.485 1.64062 6.38025e-10 9.68119e-11 7.42818e-11 1.46021e-10 3.47899e-11 0
1.485 1.71875 4.35828e-10 1.33674e-10 7.20249e-11 1.61476e-10 4.5442e-11 0
1.485 1.79688 2.89968e-10 1.93905e-10 6.62139e-11 1.71344e-10 5.67556e-11 0
1.485 1.875 1.93846e-10 2.90053e-10 5.67501e-11 1.71337e-10 6.62155e-11 0
1.485 1.95312 1.33632e-10 4.35938e-10 4.54341e-11 1.61456e-10 7.2021e-11 0
1.485 2.03125 9.67817e-11 6.38151e-10 3.47821e-11 1.45993e-10 7.42738e-11 0
1.485 2.10938 7.44174e-11 8.85068e-10 2.63829e-11 1.299e-10 7.43526e-11 0
1.485 2.1875 6.08803e-11 1.14583e-09 2.05049e-11 1.16066e-10 7.3571e-11 0
1.485 2.26562 5.27877e-11 1.38146e-09 1.67271e-11 1.05512e-10 7.26721e-11 0
1.485 2.34375 4.82178e-11 1.55756e-09 1.4526e-11 9.84625e-11 7.19805e-11 0
1.485 2.42188 4.6152e-11 1.65108e-09 1.35202e-11 9.49378e-11 7.16164e-11 0
1.5675 0 6.65564e-11 1.67573e-09 2.2944e-11 1.1815e-10 1.00068e-10 0
1.5675 0.078125 6.91179e-11 1.58275e-09 2.44845e-11 1.21835e-10 1.00545e-10 0
1.5675 0.15625 7.47304e-11 1.40831e-09 2.78131e-11 1.29237e-10 1.0148e-10 0
1.5675 0.234375 8.45108e-11 1.17607e-09 3.34075e-11 1.40362e-10 1.02756e-10 0
1.5675 0.3125 1.00504e-10 9.20163e-10 4.18642e-11 1.54938e-10 1.03968e-10 0
1.5675 0.390625 1.26177e-10 6.77975e-10 5.35273e-11 1.71736e-10 1.0412e-10 0
1.5675 0.46875 1.67094e-10 4.78134e-10 6.77618e-11 1.87593e-10 1.0148e-10 0
1.5675 0.546875 2.31661e-10 3.31221e-10 8.23752e-11 1.9755e-10 9.42961e-11 0
1.5675 0.625 3.31321e-10 2.31593e-10 9.42996e-11 1.97544e-10 8.23676e-11 0
1.5675 0.703125 4.78265e-10 1.67048e-10 1.01478e-10 1.87575e-10 6.77517e-11 0
1.5675 0.78125 6.78122e-10 1.26145e-10 1.04112e-10 1.71711e-10 5.35174e-11 0
1.5675 0.859375 9.20305e-10 1.00485e-10 1.0396e-10 1.54915e-10 4.18575e-11 0
1.5675 0.9375 1.17617e-09 8.4503e-11 1.02753e-10 1.40348e-10 3.34048e-11 0
1.5675 1.01562 1.40834e-09 7.47302e-11 1.01481e-10 1.29231e-10 2.78132e-11 0
1.5675 1.09375 1.58269e-09 6.91222e-11 1.00549e-10 1.21833e-10 2.44864e-11 0
1.5675 1.17188 1.67558e-09 6.65634e-11 1.00073e-10 1.1815e-10 2.2947e-11 0
1.5675 1.25 1.67552e-09 6.65654e-11 1.00074e-10 1.18151e-10 2.29479e-11 0
1.5675 1.32812 1.58251e-09 6.91285e-11 1.00551e-10 1.21837e-10 2.4489e-11 0
1.5675 1.40625 1.40808e-09 7.47425e-11 1.01485e-10 1.29237e-10 2.78181e-11 0
1.5675 1.48438 1.17588e-09 8.4524e-11 1.0276e-10 1.40359e-10 3.34126e-11 0
1.5675 1.5625 9.20036e-10 1.00517e-10 1.03969e-10 1.54928e-10 4.18684e-11 0
1.5675 1.64062 6.779e-10 1.26187e-10 1.04117e-10 1.71717e-10 5.35292e-11 0
1.5675 1.71875 4.78098e-10 1.67096e-10 1.01475e-10 1.87565e-10 6.77601e-11 0
1.5675 1.79688 3.31209e-10 2.31652e-10 9.42908e-11 1.97516e-10 8.23705e-11 0
1.5675 1.875 2.31594e-10 3.31293e-10 8.23641e-11 1.9751e-10 9.4293e-11 0
1.5675 1.95312 1.67055e-10 4.78205e-10 6.77512e-11 1.87546e-10 1.01471e-10 0
1.5675 2.03125 1.26156e-10 6.78017e-10 5.352e-11 1.71691e-10 1.04109e-10 0
1.5675 2.10938 1.00498e-10 9.20149e-10 4.18621e-11 1.54905e-10 1.03961e-10 0
1.5675 2.1875 8.45159e-11 1.17597e-09 3.341e-11 1.40344e-10 1.02756e-10 0
1.5675 2.26562 7.47422e-11 1.40811e-09 2.78183e-11 1.29231e-10 1.01486e-10 0
1.5675 2.34375 6.9133e-11 1.58246e-09 2.44911e-11 1.21835e-10 1.00554e-10 0
1.5675 2.42188 6.65727e-11 1.67539e-09 2.29511e-11 1.18153e-10 1.00078e-10 0
1.65 0 1.00141e-10 1.62166e-09 4.32371e-11 1.54552e-10 1.48e-10 0
1.65 0.078125 1.03299e-10 1.53528e-09 4.57785e-11 1.58564e-10 1.48828e-10 0
1.65 0.15625 1.10134e-10 1.3739e-09 5.11812e-11 1.66644e-10 1.50473e-10 0
1.65 0.234375 1.21809e-10 1.16023e-09 6.00199e-11 1.78795e-10 1.5278e-10 0
1.65 0.3125 1.40369e-10 9.25775e-10 7.28913e-11 1.94595e-10 1.55137e-10 0
1.65 0.390625 1.69121e-10 7.03618e-10 8.98492e-11 2.12452e-10 1.5607e-10 0
1.65 0.46875 2.13126e-10 5.18081e-10 1.09562e-10 2.2885e-10 1.53198e-10 0
1.65 0.546875 2.79672e-10 3.78095e-10 1.28951e-10 2.38904e-10 1.44267e-10 0
1.65 0.625 3.78189e-10 2.7961e-10 1.44272e-10 2.38899e-10 1.28942e-10 0
1.65 0.703125 5.18203e-10 2.13084e-10 1.53197e-10 2.28835e-10 1.09551e-10 0
1.65 0.78125 7.03748e-10 1.69092e-10 1.56064e-10 2.1243e-10 8.98382e-11 0
1.65 0.859375 9.25887e-10 1.40351e-10 1.55129e-10 1.94573e-10 7.28836e-11 0
1.65 0.9375 1.1603e-09 1.21802e-10 1.52777e-10 1.78781e-10 6.0017e-11 0
1.65 1.01562 1.37389e-09 1.10136e-10 1.50475e-10 1.66639e-10 5.11827e-11 0
1.65 1.09375 1.53517e-09 1.03306e-10 1.48834e-10 1.58564e-10 4.57831e-11 0
1.65 1.17188 1.62146e-09 1.00153e-10 1.48009e-10 1.54556e-10 4.32437e-11 0
1.65 1.25 1.6214e-09 1.00155e-10 1.4801e-10 1.54558e-10 4.32453e-11 0
1.65 1.32812 1.535e-09 1.03315e-10 1.48838e-10 1.5857e-10 4.57878e-11 0
1.65 1.40625 1.37364e-09 1.10153e-10 1.50483e-10 1.66649e-10 5.11912e-11 0
1.65 1.48438 1.16002e-09 1.21828e-10 1.52788e-10 1.78795e-10 6.00296e-11 0
1.65 1.5625 9.25624e-10 1.40386e-10 1.5514e-10 1.94586e-10 7.2899e-11 0
1.65 1.64062 7.03525e-10 1.69132e-10 1.56067e-10 2.12432e-10 8.98526e-11 0
1.65 1.71875 5.18033e-10 2.13128e-10 1.53191e-10 2.28819e-10 1.0956e-10 0
1.65 1.79688 3.78077e-10 2.79662e-10 1.4426e-10 2.38867e-10 1.28945e-10 0
1.65 1.875 2.79608e-10 3.78156e-10 1.28938e-10 2.38862e-10 1.44263e-10 0
1.65 1.95312 2.13091e-10 5.18133e-10 1.09551e-10 2.28804e-10 1.53189e-10 0
1.65 2.03125 1.69104e-10 7.0363e-10 8.98426e-11 2.1241e-10 1.5606e-10 0
1.65 2.10938 1.40367e-10 9.25715e-10 7.28918e-11 1.94565e-10 1.55131e-10 0
1.65 2.1875 1.21821e-10 1.16007e-09 6.0027e-11 1.78781e-10 1.52784e-10 0
1.65 2.26562 1.10154e-10 1.37363e-09 5.11929e-11 1.66644e-10 1.50485e-10 0
1.65 2.34375 1.03323e-10 1.53491e-09 4.57926e-11 1.58571e-10 1.48844e-10 0
1.65 2.42188 1.00167e-10 1.62123e-09 4.32521e-11 1.54564e-10 1.4802e-10 0
1.7325 0 1.51539e-10 1.47163e-09 8.74097e-11 2.10335e-10 2.30326e-10 0
1.7325 0.078125 1.55229e-10 1.39926e-09 9.17383e-11 2.14879e-10 2.31961e-10 0
1.7325 0.15625 1.63112e-10 1.26456e-09 1.00761e-10 2.24005e-10 2.35173e-10 0
1.7325 0.234375 1.76272e-10 1.08701e-09 1.15045e-10 2.37587e-10 2.39605e-10 0
1.7325 0.3125 1.96548e-10 8.92502e-10 1.34932e-10 2.5486e-10 2.44156e-10 0
1.7325 0.390625 2.26778e-10 7.06992e-10 1.59768e-10 2.73728e-10 2.46557e-10 0
1.7325 0.46875 2.71101e-10 5.48973e-10 1.87119e-10 2.90409e-10 2.43594e-10 0
1.7325 0.546875 3.35159e-10 4.25658e-10 2.12834e-10 3.00347e-10 2.32503e-10 0
1.7325 0.625 4.2574e-10 3.35106e-10 2.3251e-10 3.00344e-10 2.12825e-10 0
1.7325 0.703125 5.49079e-10 2.71069e-10 2.43596e-10 2.90399e-10 1.87108e-10 0
1.7325 0.78125 7.07102e-10 2.26758e-10 2.46554e-10 2.73713e-10 1.59758e-10 0
1.7325 0.859375 8.92586e-10 1.96537e-10 2.44152e-10 2.54845e-10 1.34926e-10 0
1.7325 0.9375 1.08705e-09 1.76269e-10 2.39604e-10 2.37577e-10 1.15045e-10 0
1.7325 1.01562 1.26452e-09 1.63118e-10 2.35179e-10 2.24004e-10 1.00766e-10 0
1.7325 1.09375 1.39912e-09 1.55242e-10 2.31974e-10 2.14885e-10 9.17492e-11 0
1.7325 1.17188 1.47142e-09 1.51557e-10 2.30344e-10 2.10346e-10 8.74246e-11 0
1.7325 1.25 1.47136e-09 1.51561e-10 2.30347e-10 2.10348e-10 8.74273e-11 0
1.7325 1.32812 1.39897e-09 1.55253e-10 2.31982e-10 2.14893e-10 9.17575e-11 0
1.7325 1.40625 1.26429e-09 1.63136e-10 2.35191e-10 2.24015e-10 1.0078e-10 0
1.7325 1.48438 1.08679e-09 1.76295e-10 2.39617e-10 2.37589e-10 1.15063e-10 0
1.7325 1.5625 8.92338e-10 1.96567e-10 2.4416e-10 2.54851e-10 1.34945e-10 0
1.7325 1.64062 7.06887e-10 2.26789e-10 2.46552e-10 2.73705e-10 1.59773e-10 0
1.7325 1.71875 5.48916e-10 2.71103e-10 2.43584e-10 2.90374e-10 1.87116e-10 0
1.7325 1.79688 4.25635e-10 3.35147e-10 2.32493e-10 3.00306e-10 2.12825e-10 0
1.7325 1.875 3.35101e-10 4.25705e-10 2.12818e-10 3.00302e-10 2.32498e-10 0
1.7325 1.95312 2.71075e-10 5.49007e-10 1.87108e-10 2.90364e-10 2.43585e-10 0
1.7325 2.03125 2.2677e-10 7.0698e-10 1.59764e-10 2.73689e-10 2.46549e-10 0
1.7325 2.10938 1.96555e-10 8.92409e-10 1.34939e-10 2.54835e-10 2.44155e-10 0
1.7325 2.1875 1.76292e-10 1.08682e-09 1.15062e-10 2.37579e-10 2.39616e-10 0
1.7325 2.26562 1.63142e-10 1.26425e-09 1.00786e-10 2.24014e-10 2.35197e-10 0
1.7325 2.34375 1.55266e-10 1.39885e-09 9.17683e-11 2.14899e-10 2.31995e-10 0
1.7325 2.42188 1.51579e-10 1.47117e-09 8.7442e-11 2.1036e-10 2.30365e-10 0
1.815 0 2.23877e-10 1.25857e-09 1.8184e-10 2.9412e-10 3.75305e-10 0
1.815 0.078125 2.27761e-10 1.20536e-09 1.89013e-10 2.9922e-10 3.78261e-10 0
1.815 0.15625 2.35947e-10 1.10648e-09 2.03624e-10 3.09325e-10 3.83895e-10 0
1.815 0.234375 2.49327e-10 9.76108e-10 2.25914e-10 3.23994e-10 3.91337e-10 0
1.815 0.3125 2.69361e-10 8.32415e-10 2.55475e-10 3.41979e-10 3.98638e-10 0
1.815 0.390625 2.98228e-10 6.93083e-10 2.90464e-10 3.60793e-10 4.02544e-10 0
1.815 0.46875 3.38957e-10 5.70859e-10 3.27127e-10 3.76769e-10 3.99098e-10 0
1.815 0.546875 3.95383e-10 4.71592e-10 3.60331e-10 3.86026e-10 3.85201e-10 0
1.815 0.625 4.71657e-10 3.95341e-10 3.85209e-10 3.86023e-10 3.60321e-10 0
1.815 0.703125 5.70943e-10 3.38935e-10 3.99102e-10 3.76762e-10 3.27118e-10 0
1.815 0.78125 6.93169e-10 2.98219e-10 4.02546e-10 3.60784e-10 2.90457e-10 0
1.815 0.859375 8.32477e-10 2.6936e-10 3.98641e-10 3.41971e-10 2.55474e-10 0
1.815 0.9375 9.7612e-10 2.49332e-10 3.91344e-10 3.2399e-10 2.25919e-10 0
1.815 1.01562 1.10642e-09 2.35959e-10 3.83909e-10 3.09328e-10 2.03638e-10 0
1.815 1.09375 1.20522e-09 2.27778e-10 3.78282e-10 2.9923e-10 1.89034e-10 0
1.815 1.17188 1.25837e-09 2.23899e-10 3.75332e-10 2.94135e-10 1.81868e-10 0
1.815 1.25 1.25832e-09 2.23902e-10 3.75335e-10 2.94137e-10 1.81872e-10 0
1.815 1.32812 1.20509e-09 2.27786e-10 3.7829e-10 2.99235e-10 1.89045e-10 0
1.815 1.40625 1.10622e-09 2.35971e-10 3.83919e-10 3.09334e-10 2.03655e-10 0
1.815 1.48438 9.75895e-10 2.49347e-10 3.91351e-10 3.23991e-10 2.25939e-10 0
1.815 1.5625 8.32255e-10 2.69376e-10 3.98639e-10 3.41963e-10 2.55492e-10 0
1.815 1.64062 6.92977e-10 2.98237e-10 4.02535e-10 3.60763e-10 2.9047e-10 0
1.815 1.71875 5.708e-10 3.38957e-10 3.99083e-10 3.76727e-10 3.27123e-10 0
1.815 1.79688 4.71565e-10 3.9537e-10 3.85185e-10 3.85978e-10 3.60318e-10 0
1.815 1.875 3.95333e-10 4.71621e-10 3.60311e-10 3.85976e-10 3.85191e-10 0
1.815 1.95312 3.38937e-10 5.70873e-10 3.27116e-10 3.76721e-10 3.99086e-10 0
1.815 2.03125 2.98228e-10 6.93052e-10 2.90465e-10 3.60753e-10 4.02536e-10 0
1.815 2.10938 2.69373e-10 8.32308e-10 2.55491e-10 3.41954e-10 3.98641e-10 0
1.815 2.1875 2.4935e-10 9.75903e-10 2.25945e-10 3.23986e-10 3.91356e-10 0
1.815 2.26562 2.3598e-10 1.10617e-09 2.03668e-10 3.09335e-10 3.83931e-10 0
1.815 2.34375 2.278e-10 1.20496e-09 1.89065e-10 2.99243e-10 3.78309e-10 0
1.815 2.42188 2.23921e-10 1.25813e-09 1.81898e-10 2.9415e-10 3.75361e-10 0
1.8975 0 3.15966e-10 1.05043e-09 3.69006e-10 4.11962e-10 6.2419e-10 0
1.8975 0.078125 3.19487e-10 1.01607e-09 3.79768e-10 4.17098e-10 6.28423e-10 0
1.8975 0.15625 3.26844e-10 9.52011e-10 4.01209e-10 4.27087e-10 6.36225e-10 0
1.8975 0.234375 3.38701e-10 8.66845e-10 4.32809e-10 4.41165e-10 6.45993e-10 0
1.8975 0.3125 3.56122e-10 7.71452e-10 4.72998e-10 4.57803e-10 6.54878e-10 0
1.8975 0.390625 3.80628e-10 6.76545e-10 5.18577e-10 4.74556e-10 6.58867e-10 0
1.8975 0.46875 4.14204e-10 5.90354e-10 5.64654e-10 4.88327e-10 6.53627e-10 0
1.8975 0.546875 4.59131e-10 5.17469e-10 6.05471e-10 4.96137e-10 6.36e-10 0
1.8975 0.625 5.17516e-10 4.59099e-10 6.36008e-10 4.96135e-10 6.05461e-10 0
1.8975 0.703125 5.90411e-10 4.14188e-10 6.53632e-10 4.88322e-10 5.64645e-10 0
1.8975 0.78125 6.76601e-10 3.80625e-10 6.58872e-10 4.7455e-10 5.18573e-10 0
1.8975 0.859375 7.71489e-10 3.56127e-10 6.54885e-10 4.57798e-10 4.73002e-10 0
1.8975 0.9375 8.66843e-10 3.38712e-10 6.46005e-10 4.41164e-10 4.32823e-10 0
1.8975 1.01562 9.51954e-10 3.26859e-10 6.36245e-10 4.2709e-10 4.01233e-10 0
1.8975 1.09375 1.01595e-09 3.19504e-10 6.28449e-10 4.17107e-10 3.79801e-10 0
1.8975 1.17188 1.05026e-09 3.15985e-10 6.24221e-10 4.11974e-10 3.69047e-10 0
1.8975 1.25 1.05022e-09 3.15985e-10 6.24222e-10 4.11974e-10 3.69051e-10 0
1.8975 1.32812 1.01585e-09 3.19505e-10 6.28452e-10 4.17106e-10 3.79812e-10 0
1.8975 1.40625 9.518e-10 3.2686e-10 6.36245e-10 4.27086e-10 4.0125e-10 0
1.8975 1.48438 8.66666e-10 3.38715e-10 6.46002e-10 4.41153e-10 4.32842e-10 0
1.8975 1.5625 7.71316e-10 3.56132e-10 6.54873e-10 4.57778e-10 4.73018e-10 0
1.8975 1.64062 6.76453e-10 3.80634e-10 6.5885e-10 4.74518e-10 5.18582e-10 0
1.8975 1.71875 5.90299e-10 4.14202e-10 6.53603e-10 4.88278e-10 5.64644e-10 0
1.8975 1.79688 5.17441e-10 4.59116e-10 6.35975e-10 4.96081e-10 6.05449e-10 0
1.8975 1.875 4.59088e-10 5.17481e-10 6.05442e-10 4.96079e-10 6.35981e-10 0
1.8975 1.95312 4.14187e-10 5.90348e-10 5.64638e-10 4.88272e-10 6.53606e-10 0
1.8975 2.03125 3.80629e-10 6.76501e-10 5.18579e-10 4.7451e-10 6.58853e-10 0
1.8975 2.10938 3.56134e-10 7.71346e-10 4.73022e-10 4.57771e-10 6.54878e-10 0
1.8975 2.1875 3.3872e-10 8.6666e-10 4.32854e-10 4.41149e-10 6.46011e-10 0
1.8975 2.26562 3.26868e-10 9.51742e-10 4.01271e-10 4.27086e-10 6.36261e-10 0
1.8975 2.34375 3.19514e-10 1.01573e-09 3.79842e-10 4.1711e-10 6.28473e-10 0
1.8975 2.42188 3.15995e-10 1.05005e-09 3.69087e-10 4.11981e-10 6.24248e-10 0
1.98 0 4.22282e-10 8.98575e-10 6.93296e-10 5.57752e-10 1.01285e-09 0
1.98 0.078125 4.24962e-10 8.78378e-10 7.07367e-10 5.6208e-10 1.01752e-09 0
1.98 0.15625 4.3055e-10 8.40471e-10 7.3494e-10 5.70373e-10 1.02585e-09 0
1.98 0.234375 4.39517e-10 7.89452e-10 7.74581e-10 5.81802e-10 1.03565e-09 0
1.98 0.3125 4.52588e-10 7.31209e-10 8.23574e-10 5.94957e-10 1.04354e-09 0
1.98 0.390625 4.70751e-10 6.71753e-10 8.77651e-10 6.07858e-10 1.04524e-09 0
1.98 0.46875 4.95191e-10 6.16066e-10 9.3125e-10 6.18233e-10 1.03648e-09 0
1.98 0.546875 5.27117e-10 5.67379e-10 9.78446e-10 6.24031e-10 1.01436e-09 0
1.98 0.625 5.6741e-10 5.27095e-10 1.01436e-09 6.24029e-10 9.78438e-10 0
1.98 0.703125 6.161e-10 4.95179e-10 1.03649e-09 6.18228e-10 9.31244e-10 0
1.98 0.78125 6.71784e-10 4.70749e-10 1.04524e-09 6.07852e-10 8.7765e-10 0
1.98 0.859375 7.31225e-10 4.52594e-10 1.04355e-09 5.94952e-10 8.23582e-10 0
1.98 0.9375 7.89443e-10 4.39529e-10 1.03566e-09 5.818e-10 7.74601e-10 0
1.98 1.01562 8.40428e-10 4.30567e-10 1.02587e-09 5.70374e-10 7.34972e-10 0
1.98 1.09375 8.78295e-10 4.24981e-10 1.01755e-09 5.62084e-10 7.07411e-10 0
1.98 1.17188 8.98457e-10 4.22302e-10 1.01288e-09 5.57758e-10 6.93348e-10 0
1.98 1.25 8.98433e-10 4.22301e-10 1.01288e-09 5.57756e-10 6.93351e-10 0
1.98 1.32812 8.78228e-10 4.2498e-10 1.01755e-09 5.62079e-10 7.07421e-10 0
1.98 1.40625 8.40328e-10 4.30567e-10 1.02586e-09 5.70363e-10 7.34987e-10 0
1.98 1.48438 7.89328e-10 4.39531e-10 1.03565e-09 5.81781e-10 7.74615e-10 0
1.98 1.5625 7.31111e-10 4.52599e-10 1.04352e-09 5.94922e-10 8.23591e-10 0
1.98 1.64062 6.71682e-10 4.70755e-10 1.0452e-09 6.07811e-10 8.77648e-10 0
1.98 1.71875 6.16018e-10 4.95187e-10 1.03644e-09 6.18176e-10 9.31229e-10 0
1.98 1.79688 5.6735e-10 5.27101e-10 1.01432e-09 6.23968e-10 9.7841e-10 0
1.98 1.875 5.2708e-10 5.67377e-10 9.78404e-10 6.23966e-10 1.01432e-09 0
1.98 1.95312 4.95173e-10 6.16047e-10 9.31223e-10 6.1817e-10 1.03645e-09 0
1.98 2.03125 4.70749e-10 6.71706e-10 8.77647e-10 6.07803e-10 1.04521e-09 0
1.98 2.10938 4.52597e-10 7.3112e-10 8.23597e-10 5.94914e-10 1.04352e-09 0
1.98 2.1875 4.39533e-10 7.89312e-10 7.74632e-10 5.81774e-10 1.03566e-09 0
1.98 2.26562 4.30571e-10 8.40277e-10 7.35014e-10 5.70359e-10 1.02587e-09 0
1.98 2.34375 4.24985e-10 8.78138e-10 7.07458e-10 5.62076e-10 1.01756e-09 0
1.98 2.42188 4.22306e-10 8.98309e-10 6.93395e-10 5.57754e-10 1.0129e-09 0
2.0625 0 5.36259e-10 8.12743e-10 1.17389e-09 7.13335e-10 1.54776e-09 0
2.0625 0.078125 5.37864e-10 8.01737e-10 1.1901e-09 7.1633e-10 1.55185e-09 0
2.0625 0.15625 5.41234e-10 7.80969e-10 1.22153e-09 7.22014e-10 1.55885e-09 0
2.0625 0.234375 5.46691e-10 7.52751e-10 1.26604e-09 7.29736e-10 1.56634e-09 0
2.0625 0.3125 5.54714e-10 7.20092e-10 1.32013e-09 7.38475e-10 1.57085e-09 0
2.0625 0.390625 5.65919e-10 6.86168e-10 1.37898e-09 7.46906e-10 1.56833e-09 0
2.0625 0.46875 5.80987e-10 6.5376e-10 1.4369e-09 7.53592e-10 1.55498e-09 0
2.0625 0.546875 6.00532e-10 6.24857e-10 1.48819e-09 7.57295e-10 1.52834e-09 0
2.0625 0.625 6.24876e-10 6.00517e-10 1.52834e-09 7.57293e-10 1.48819e-09 0
2.0625 0.703125 6.53779e-10 5.80978e-10 1.55498e-09 7.53588e-10 1.4369e-09 0
2.0625 0.78125 6.86184e-10 5.65917e-10 1.56833e-09 7.469e-10 1.37898e-09 0
2.0625 0.859375 7.20099e-10 5.54719e-10 1.57085e-09 7.38469e-10 1.32014e-09 0
2.0625 0.9375 7.52742e-10 5.46702e-10 1.56634e-09 7.2973e-10 1.26606e-09 0
2.0625 1.01562 7.8094e-10 5.4125e-10 1.55886e-09 7.2201e-10 1.22157e-09 0
2.0625 1.09375 8.01687e-10 5.37884e-10 1.55187e-09 7.16327e-10 1.19014e-09 0
2.0625 1.17188 8.12674e-10 5.36281e-10 1.54777e-09 7.13331e-10 1.17394e-09 0
2.0625 1.25 8.1266e-10 5.36282e-10 1.54777e-09 7.13328e-10 1.17394e-09 0
2.0625 1.32812 8.01648e-10 5.37885e-10 1.55186e-09 7.16318e-10 1.19015e-09 0
2.0625 1.40625 7.80881e-10 5.41252e-10 1.55884e-09 7.21993e-10 1.22157e-09 0
2.0625 1.48438 7.52671e-10 5.46705e-10 1.56631e-09 7.29704e-10 1.26606e-09 0
2.0625 1.5625 7.20025e-10 5.54723e-10 1.57081e-09 7.38432e-10 1.32013e-09 0
2.0625 1.64062 6.86114e-10 5.6592e-10 1.56827e-09 7.46851e-10 1.37896e-09 0
2.0625 1.71875 6.53719e-10 5.80979e-10 1.55491e-09 7.53529e-10 1.43686e-09 0
2.0625 1.79688 6.24828e-10 6.00513e-10 1.52827e-09 7.57227e-10 1.48814e-09 0
2.0625 1.875 6.00498e-10 6.24845e-10 1.48813e-09 7.57225e-10 1.52827e-09 0
2.0625 1.95312 5.80968e-10 6.53735e-10 1.43686e-09 7.53523e-10 1.55491e-09 0
2.0625 2.03125 5.65913e-10 6.86124e-10 1.37896e-09 7.46842e-10 1.56827e-09 0
2.0625 2.10938 5.54719e-10 7.20024e-10 1.32014e-09 7.38421e-10 1.5708e-09 0
2.0625 2.1875 5.46705e-10 7.52654e-10 1.26608e-09 7.29693e-10 1.56631e-09 0
2.0625 2.26562 5.41255e-10 7.80843e-10 1.2216e-09 7.21982e-10 1.55884e-09 0
2.0625 2.34375 5.37889e-10 8.01588e-10 1.19019e-09 7.16307e-10 1.55187e-09 0
2.0625 2.42188 5.36286e-10 8.12581e-10 1.17398e-09 7.13316e-10 1.54778e-09 0
2.145 0 6.51861e-10 7.81065e-10 1.78913e-09 8.59178e-10 2.198e-09 0
2.145 0.078125 6.52369e-10 7.75781e-10 1.80607e-09 8.60822e-10 2.20085e-09 0
2.145 0.15625 6.53497e-10 7.65799e-10 1.8387e-09 8.63925e-10 2.20535e-09 0
2.145 0.234375 6.55468e-10 7.52211e-10 1.88451e-09 8.68108e-10 2.20918e-09 0
2.145 0.3125 6.58604e-10 7.36447e-10 1.93971e-09 8.72799e-10 2.20916e-09 0
2.145 0.390625 6.63302e-10 7.20046e-10 1.99944e-09 8.77285e-10 2.20177e-09 0
2.145 0.46875 6.69982e-10 7.04391e-10 2.05828e-09 8.80816e-10 2.18389e-09 0
2.145 0.546875 6.79e-10 6.90512e-10 2.11103e-09 8.82762e-10 2.15363e-09 0
2.145 0.625 6.90525e-10 6.7899e-10 2.15363e-09 8.8276e-10 2.11102e-09 0
2.145 0.703125 7.04403e-10 6.69976e-10 2.18388e-09 8.80812e-10 2.05828e-09 0
2.145 0.78125 7.20055e-10 6.633e-10 2.20177e-09 8.77279e-10 1.99945e-09 0
2.145 0.859375 7.3645e-10 6.58608e-10 2.20915e-09 8.72791e-10 1.93972e-09 0
2.145 0.9375 7.52204e-10 6.55477e-10 2.20917e-09 8.68099e-10 1.88453e-09 0
2.145 1.01562 7.65781e-10 6.5351e-10 2.20534e-09 8.63915e-10 1.83873e-09 0
2.145 1.09375 7.7575e-10 6.52385e-10 2.20084e-09 8.60811e-10 1.8061e-09 0
2.145 1.17188 7.81023e-10 6.51878e-10 2.19798e-09 8.59165e-10 1.78917e-09 0
2.145 1.25 7.81014e-10 6.51878e-10 2.19798e-09 8.59161e-10 1.78917e-09 0
2.145 1.32812 7.75725e-10 6.52384e-10 2.20082e-09 8.60799e-10 1.8061e-09 0
2.145 1.40625 7.65742e-10 6.53509e-10 2.20531e-09 8.63894e-10 1.83872e-09 0
2.145 1.48438 7.52156e-10 6.55475e-10 2.20912e-09 8.68067e-10 1.88451e-09 0
2.145 1.5625 7.36397e-10 6.58605e-10 2.20909e-09 8.72749e-10 1.93969e-09 0
2.145 1.64062 7.20003e-10 6.63296e-10 2.20168e-09 8.77227e-10 1.9994e-09 0
2.145 1.71875 7.04355e-10 6.69969e-10 2.18379e-09 8.80751e-10 2.05821e-09 0
2.145 1.79688 6.90484e-10 6.78979e-10 2.15353e-09 8.82693e-10 2.11094e-09 0
2.145 1.875 6.78968e-10 6.90495e-10 2.11094e-09 8.82691e-10 2.15353e-09 0
2.145 1.95312 6.6996e-10 7.04365e-10 2.05821e-09 8.80745e-10 2.18379e-09 0
2.145 2.03125 6.6329e-10 7.20008e-10 1.9994e-09 8.77217e-10 2.20167e-09 0
2.145 2.10938 6.58601e-10 7.36395e-10 1.93969e-09 8.72736e-10 2.20907e-09 0
2.145 2.1875 6.55474e-10 7.52143e-10 1.88452e-09 8.68052e-10 2.20911e-09 0
2.145 2.26562 6.53509e-10 7.65716e-10 1.83874e-09 8.63877e-10 2.20529e-09 0
2.145 2.34375 6.52385e-10 7.75686e-10 1.80612e-09 8.60779e-10 2.2008e-09 0
2.145 2.42188 6.5188e-10 7.80964e-10 1.7892e-09 8.59139e-10 2.19796e-09 0
2.2275 0 7.63108e-10 7.87332e-10 2.48059e-09 9.82348e-10 2.90294e-09 0
2.2275 0.078125 7.62635e-10 7.8559e-10 2.49709e-09 9.8295e-10 2.90434e-09 0
2.2275 0.15625 7.61772e-10 7.82341e-10 2.52878e-09 9.84088e-10 2.90605e-09 0
2.2275 0.234375 7.60686e-10 7.78025e-10 2.5731e-09 9.85626e-10 2.90604e-09 0
2.2275 0.3125 7.59615e-10 7.73212e-10 2.62632e-09 9.87353e-10 2.9016e-09 0
2.2275 0.390625 7.58851e-10 7.68507e-10 2.6839e-09 9.89007e-10 2.88987e-09 0
2.2275 0.46875 7.58714e-10 7.64442e-10 2.74093e-09 9.9031e-10 2.86844e-09 0
2.2275 0.546875 7.59494e-10 7.61382e-10 2.79282e-09 9.91028e-10 2.836e-09 0
2.2275 0.625 7.61391e-10 7.59487e-10 2.83599e-09 9.91026e-10 2.79282e-09 0
2.2275 0.703125 7.6445e-10 7.5871e-10 2.86843e-09 9.90305e-10 2.74092e-09 0
2.2275 0.78125 7.68513e-10 7.5885e-10 2.88985e-09 9.89e-10 2.6839e-09 0
2.2275 0.859375 7.73213e-10 7.59616e-10 2.90157e-09 9.87343e-10 2.62632e-09 0
2.2275 0.9375 7.7802e-10 7.6069e-10 2.90601e-09 9.85614e-10 2.5731e-09 0
2.2275 1.01562 7.82328e-10 7.61778e-10 2.90602e-09 9.84074e-10 2.52879e-09 0
2.2275 1.09375 7.85569e-10 7.62642e-10 2.9043e-09 9.82933e-10 2.4971e-09 0
2.2275 1.17188 7.87304e-10 7.63116e-10 2.90289e-09 9.82328e-10 2.4806e-09 0
2.2275 1.25 7.87298e-10 7.63115e-10 2.90288e-09 9.82323e-10 2.4806e-09 0
2.2275 1.32812 7.85551e-10 7.6264e-10 2.90427e-09 9.82919e-10 2.49709e-09 0
2.2275 1.40625 7.823e-10 7.61774e-10 2.90597e-09 9.8405e-10 2.52877e-09 0
2.2275 1.48438 7.77984e-10 7.60684e-10 2.90593e-09 9.8558e-10 2.57306e-09 0
2.2275 1.5625 7.73173e-10 7.59608e-10 2.90148e-09 9.873e-10 2.62626e-09 0
2.2275 1.64062 7.68472e-10 7.58839e-10 2.88974e-09 9.88948e-10 2.68382e-09 0
2.2275 1.71875 7.6441e-10 7.58697e-10 2.86831e-09 9.90245e-10 2.74082e-09 0
2.2275 1.79688 7.61355e-10 7.59471e-10 2.83587e-09 9.9096e-10 2.79269e-09 0
2.2275 1.875 7.59463e-10 7.61363e-10 2.7927e-09 9.90958e-10 2.83586e-09 0
2.2275 1.95312 7.5869e-10 7.64417e-10 2.74082e-09 9.90239e-10 2.8683e-09 0
2.2275 2.03125 7.58833e-10 7.68475e-10 2.68381e-09 9.88937e-10 2.88972e-09 0
2.2275 2.10938 7.59602e-10 7.73171e-10 2.62626e-09 9.87285e-10 2.90145e-09 0
2.2275 2.1875 7.6068e-10 7.77975e-10 2.57306e-09 9.85562e-10 2.9059e-09 0
2.2275 2.26562 7.6177e-10 7.82282e-10 2.52877e-09 9.84028e-10 2.90593e-09 0
2.2275 2.34375 7.62635e-10 7.85525e-10 2.49709e-09 9.82894e-10 2.90423e-09 0
2.2275 2.42188 7.63111e-10 7.87264e-10 2.4806e-09 9.82294e-10 2.90283e-09 0
2.31 0 8.63586e-10 8.15713e-10 3.1689e-09 1.07788e-09 3.58737e-09 0
2.31 0.078125 8.62317e-10 8.16143e-10 3.18429e-09 1.07784e-09 3.58746e-09 0
2.31 0.15625 8.59853e-10 8.17053e-10 3.21382e-09 1.07777e-09 3.58672e-09 0
2.31 0.234375 8.5633e-10 8.18529e-10 3.25506e-09 1.0777e-09 3.58345e-09 0
2.31 0.3125 8.51955e-10 8.2067e-10 3.30459e-09 1.07764e-09 3.57548e-09 0
2.31 0.390625 8.46989e-10 8.23556e-10 3.35832e-09 1.07761e-09 3.56056e-09 0
2.31 0.46875 8.41732e-10 8.27212e-10 3.41193e-09 1.0776e-09 3.53693e-09 0
2.31 0.546875 8.36499e-10 8.31575e-10 3.46144e-09 1.0776e-09 3.50374e-09 0
2.31 0.625 8.31581e-10 8.36493e-10 3.50373e-09 1.0776e-09 3.46145e-09 0
2.31 0.703125 8.27217e-10 8.41727e-10 3.53691e-09 1.0776e-09 3.41193e-09 0
2.31 0.78125 8.2356e-10 8.46986e-10 3.56053e-09 1.07761e-09 3.35831e-09 0
2.31 0.859375 8.20671e-10 8.51953e-10 3.57544e-09 1.07763e-09 3.30459e-09 0
2.31 0.9375 8.18525e-10 8.56329e-10 3.5834e-09 1.07768e-09 3.25506e-09 0
2.31 1.01562 8.17044e-10 8.59853e-10 3.58666e-09 1.07775e-09 3.21382e-09 0
2.31 1.09375 8.16129e-10 8.62318e-10 3.58739e-09 1.07782e-09 3.18428e-09 0
2.31 1.17188 8.15694e-10 8.63585e-10 3.58729e-09 1.07785e-09 3.16888e-09 0
2.31 1.25 8.15689e-10 8.63583e-10 3.58728e-09 1.07785e-09 3.16887e-09 0
2.31 1.32812 8.16116e-10 8.62313e-10 3.58735e-09 1.0778e-09 3.18426e-09 0
2.31 1.40625 8.17023e-10 8.59845e-10 3.58659e-09 1.07773e-09 3.21377e-09 0
2.31 1.48438 8.18497e-10 8.5632e-10 3.58331e-09 1.07765e-09 3.25499e-09 0
2.31 1.5625 8.20638e-10 8.51941e-10 3.57532e-09 1.07759e-09 3.3045e-09 0
2.31 1.64062 8.23525e-10 8.46971e-10 3.5604e-09 1.07756e-09 3.3582e-09 0
2.31 1.71875 8.27182e-10 8.41711e-10 3.53676e-09 1.07754e-09 3.41179e-09 0
2.31 1.79688 8.31547e-10 8.36474e-10 3.50357e-09 1.07754e-09 3.46129e-09 0
2.31 1.875 8.36467e-10 8.31554e-10 3.46129e-09 1.07754e-09 3.50356e-09 0
2.31 1.95312 8.41703e-10 8.27187e-10 3.41179e-09 1.07753e-09 3.53674e-09 0
2.31 2.03125 8.46964e-10 8.23527e-10 3.35819e-09 1.07754e-09 3.56037e-09 0
2.31 2.10938 8.51934e-10 8.20636e-10 3.30448e-09 1.07758e-09 3.57528e-09 0
2.31 2.1875 8.56312e-10 8.1849e-10 3.25498e-09 1.07763e-09 3.58326e-09 0
2.31 2.26562 8.59837e-10 8.1701e-10 3.21376e-09 1.0777e-09 3.58653e-09 0
2.31 2.34375 8.62304e-10 8.16097e-10 3.18424e-09 1.07777e-09 3.58728e-09 0
2.31 2.42188 8.63573e-10 8.15665e-10 3.16885e-09 1.07782e-09 3.58719e-09 0
2.3925 0 9.46627e-10 8.51781e-10 3.77156e-09 1.14614e-09 4.17653e-09 0
2.3925 0.078125 9.44774e-10 8.53508e-10 3.78567e-09 1.14579e-09 4.17562e-09 0
2.3925 0.15625 9.41135e-10 8.56911e-10 3.81273e-09 1.14512e-09 4.17305e-09 0
2.3925 0.234375 9.35843e-10 8.61889e-10 3.85053e-09 1.14427e-09 4.16744e-09 0
2.3925 0.3125 9.29099e-10 8.68287e-10 3.896e-09 1.14335e-09 4.15705e-09 0
2.3925 0.390625 9.21165e-10 8.75893e-10 3.94552e-09 1.1425e-09 4.14016e-09 0
2.3925 0.46875 9.12362e-10 8.84442e-10 3.99531e-09 1.14186e-09 4.11549e-09 0
2.3925 0.546875 9.03052e-10 8.93613e-10 4.0419e-09 1.14151e-09 4.08255e-09 0
2.3925 0.625 8.93619e-10 9.03046e-10 4.08253e-09 1.14151e-09 4.04191e-09 0
2.3925 0.703125 8.84447e-10 9.12357e-10 4.11546e-09 1.14185e-09 3.99531e-09 0
2.3925 0.78125 8.75896e-10 9.2116e-10 4.14012e-09 1.14249e-09 3.94551e-09 0
2.3925 0.859375 8.68288e-10 9.29094e-10 4.15699e-09 1.14333e-09 3.89598e-09 0
2.3925 0.9375 8.61887e-10 9.35839e-10 4.16737e-09 1.14425e-09 3.85051e-09 0
2.3925 1.01562 8.56905e-10 9.4113e-10 4.17297e-09 1.14511e-09 3.8127e-09 0
2.3925 1.09375 8.53498e-10 9.44768e-10 4.17552e-09 1.14576e-09 3.78563e-09 0
2.3925 1.17188 8.51767e-10 9.4662e-10 4.17641e-09 1.14612e-09 3.77152e-09 0
2.3925 1.25 8.51763e-10 9.46618e-10 4.1764e-09 1.14611e-09 3.77151e-09 0
2.3925 1.32812 8.53487e-10 9.44763e-10 4.17548e-09 1.14575e-09 3.7856e-09 0
2.3925 1.40625 8.56888e-10 9.41121e-10 4.17289e-09 1.14508e-09 3.81264e-09 0
2.3925 1.48438 8.61863e-10 9.35827e-10 4.16726e-09 1.14422e-09 3.85042e-09 0
2.3925 1.5625 8.68259e-10 9.29079e-10 4.15686e-09 1.14329e-09 3.89587e-09 0
2.3925 1.64062 8.75865e-10 9.21142e-10 4.13997e-09 1.14245e-09 3.94537e-09 0
2.3925 1.71875 8.84413e-10 9.12337e-10 4.11529e-09 1.1418e-09 3.99514e-09 0
2.3925 1.79688 8.93584e-10 9.03025e-10 4.08235e-09 1.14145e-09 4.04171e-09 0
2.3925 1.875 9.03018e-10 8.9359e-10 4.04172e-09 1.14145e-09 4.08233e-09 0
2.3925 1.95312 9.12329e-10 8.84417e-10 3.99513e-09 1.14179e-09 4.11526e-09 0
2.3925 2.03125 9.21134e-10 8.75867e-10 3.94535e-09 1.14243e-09 4.13993e-09 0
2.3925 2.10938 9.2907e-10 8.68258e-10 3.89585e-09 1.14328e-09 4.1568e-09 0
2.3925 2.1875 9.35816e-10 8.61858e-10 3.85039e-09 1.1442e-09 4.16719e-09 0
2.3925 2.26562 9.4111e-10 8.56879e-10 3.81261e-09 1.14506e-09 4.1728e-09 0
2.3925 2.34375 9.4475e-10 8.53474e-10 3.78556e-09 1.14572e-09 4.17538e-09 0
2.3925 2.42188 9.46603e-10 8.51746e-10 3.77146e-09 1.14608e-09 4.17628e-09 0
2.475 0 1.00605e-09 8.8335e-10 4.21689e-09 1.18961e-09 4.60709e-09 0
2.475 0.078125 1.00382e-09 8.85797e-10 4.22993e-09 1.18913e-09 4.60555e-09 0
2.475 0.15625 9.99421e-10 8.9059e-10 4.25494e-09 1.18825e-09 4.60183e-09 0
2.475 0.234375 9.92997e-10 8.97532e-10 4.2899e-09 1.1871e-09 4.59478e-09 0
2.475 0.3125 9.8475e-10 9.06337e-10 4.33205e-09 1.18586e-09 4.58298e-09 0
2.475 0.390625 9.74957e-10 9.16644e-10 4.37811e-09 1.18471e-09 4.56508e-09 0
2.475 0.46875 9.63963e-10 9.2803e-10 4.42472e-09 1.18384e-09 4.5401e-09 0
2.475 0.546875 9.52172e-10 9.40031e-10 4.46877e-09 1.18336e-09 4.50778e-09 0
2.475 0.625 9.40037e-10 9.52166e-10 4.50776e-09 1.18336e-09 4.46878e-09 0
2.475 0.703125 9.28034e-10 9.63957e-10 4.54007e-09 1.18383e-09 4.42472e-09 0
2.475 0.78125 9.16647e-10 9.74951e-10 4.56503e-09 1.18471e-09 4.3781e-09 0
2.475 0.859375 9.06338e-10 9.84743e-10 4.58292e-09 1.18585e-09 4.33202e-09 0
2.475 0.9375 8.97531e-10 9.92989e-10 4.59469e-09 1.18709e-09 4.28987e-09 0
2.475 1.01562 8.90586e-10 9.99412e-10 4.60173e-09 1.18824e-09 4.2549e-09 0
2.475 1.09375 8.8579e-10 1.00381e-09 4.60543e-09 1.18911e-09 4.22987e-09 0
2.475 1.17188 8.83339e-10 1.00603e-09 4.60696e-09 1.18958e-09 4.21683e-09 0
2.475 1.25 8.83336e-10 1.00603e-09 4.60694e-09 1.18958e-09 4.21681e-09 0
2.475 1.32812 8.8578e-10 1.0038e-09 4.60538e-09 1.1891e-09 4.22983e-09 0
2.475 1.40625 8.9057e-10 9.99402e-10 4.60164e-09 1.18821e-09 4.25482e-09 0
2.475 1.48438 8.97509e-10 9.92976e-10 4.59458e-09 1.18706e-09 4.28977e-09 0
2.475 1.5625 9.06312e-10 9.84726e-10 4.58277e-09 1.18581e-09 4.33189e-09 0
2.475 1.64062 9.16617e-10 9.74931e-10 4.56486e-09 1.18466e-09 4.37794e-09 0
2.475 1.71875 9.28001e-10 9.63935e-10 4.53988e-09 1.18378e-09 4.42453e-09 0
2.475 1.79688 9.40002e-10 9.52143e-10 4.50756e-09 1.18331e-09 4.46856e-09 0
2.475 1.875 9.52136e-10 9.40007e-10 4.46857e-09 1.1833e-09 4.50754e-09 0
2.475 1.95312 9.63927e-10 9.28005e-10 4.42452e-09 1.18378e-09 4.53984e-09 0
2.475 2.03125 9.74921e-10 9.16618e-10 4.37792e-09 1.18465e-09 4.56481e-09 0
2.475 2.10938 9.84715e-10 9.06311e-10 4.33187e-09 1.1858e-09 4.5827e-09 0
2.475 2.1875 9.92963e-10 8.97506e-10 4.28973e-09 1.18704e-09 4.59449e-09 0
2.475 2.26562 9.99388e-10 8.90563e-10 4.25478e-09 1.18819e-09 4.60154e-09 0
2.475 2.34375 1.00378e-09 8.8577e-10 4.22977e-09 1.18907e-09 4.60526e-09 0
2.475 2.42188 1.00602e-09 8.83322e-10 4.21675e-09 1.18955e-09 4.6068e-09 0
2.5575 0 1.03706e-09 9.01499e-10 4.45306e-09 1.21067e-09 4.83401e-09 0
2.5575 0.078125 1.03465e-09 9.04265e-10 4.46549e-09 1.21017e-09 4.83217e-09 0
2.5575 0.15625 1.02988e-09 9.09676e-10 4.48936e-09 1.20923e-09 4.8279e-09 0
2.5575 0.234375 1.02291e-09 9.17494e-10 4.52275e-09 1.20801e-09 4.82018e-09 0
2.5575 0.3125 1.01394e-09 9.27378e-10 4.56304e-09 1.20669e-09 4.80777e-09 0
2.5575 0.390625 1.00326e-09 9.38903e-10 4.60718e-09 1.20547e-09 4.78946e-09 0
2.5575 0.46875 9.9123e-10 9.5158e-10 4.65201e-09 1.20453e-09 4.76446e-09 0
2.5575 0.546875 9.78277e-10 9.64882e-10 4.6946e-09 1.20403e-09 4.73261e-09 0
2.5575 0.625 9.64888e-10 9.78271e-10 4.73259e-09 1.20402e-09 4.6946e-09 0
2.5575 0.703125 9.51585e-10 9.91224e-10 4.76442e-09 1.20453e-09 4.652e-09 0
2.5575 0.78125 9.38906e-10 1.00325e-09 4.78941e-09 1.20546e-09 4.60717e-09 0
2.5575 0.859375 9.27379e-10 1.01393e-09 4.80769e-09 1.20668e-09 4.56301e-09 0
2.5575 0.9375 9.17492e-10 1.0229e-09 4.82009e-09 1.208e-09 4.52271e-09 0
2.5575 1.01562 9.09672e-10 1.02987e-09 4.82779e-09 1.20921e-09 4.48931e-09 0
2.5575 1.09375 9.04259e-10 1.03463e-09 4.83204e-09 1.21015e-09 4.46543e-09 0
2.5575 1.17188 9.0149e-10 1.03705e-09 4.83387e-09 1.21065e-09 4.45298e-09 0
2.5575 1.25 9.01486e-10 1.03704e-09 4.83385e-09 1.21064e-09 4.45297e-09 0
2.5575 1.32812 9.04249e-10 1.03463e-09 4.83198e-09 1.21013e-09 4.46538e-09 0
2.5575 1.40625 9.09657e-10 1.02986e-09 4.8277e-09 1.20919e-09 4.48923e-09 0
2.5575 1.48438 9.17471e-10 1.02289e-09 4.81997e-09 1.20797e-09 4.5226e-09 0
2.5575 1.5625 9.27353e-10 1.01392e-09 4.80754e-09 1.20664e-09 4.56287e-09 0
2.5575 1.64062 9.38876e-10 1.00323e-09 4.78923e-09 1.20542e-09 4.60699e-09 0
2.5575 1.71875 9.51551e-10 9.91201e-10 4.76423e-09 1.20448e-09 4.6518e-09 0
2.5575 1.79688 9.64852e-10 9.78247e-10 4.73238e-09 1.20397e-09 4.69437e-09 0
2.5575 1.875 9.7824e-10 9.64857e-10 4.69438e-09 1.20397e-09 4.73236e-09 0
2.5575 1.95312 9.91192e-10 9.51555e-10 4.65179e-09 1.20447e-09 4.76419e-09 0
2.5575 2.03125 1.00322e-09 9.38878e-10 4.60697e-09 1.20541e-09 4.78917e-09 0
2.5575 2.10938 1.0139e-09 9.27352e-10 4.56284e-09 1.20663e-09 4.80747e-09 0
2.5575 2.1875 1.02287e-09 9.17468e-10 4.52256e-09 1.20795e-09 4.81988e-09 0
2.5575 2.26562 1.02985e-09 9.09651e-10 4.48917e-09 1.20917e-09 4.82759e-09 0
2.5575 2.34375 1.03461e-09 9.0424e-10 4.46532e-09 1.2101e-09 4.83185e-09 0
2.5575 2.42188 1.03703e-09 9.01474e-10 4.45289e-09 1.21061e-09 4.8337e-09 0
