0 0 0.0139361 0.0139182 0.0709833 0.0110862 0.0714233 0.824416
0 0.146875 0.0138535 0.013812 0.0745743 0.0109707 0.0753611 0.816825
0 0.29375 0.0137048 0.0136055 0.0819678 0.0107412 0.0835501 0.801064
0 0.440625 0.0135254 0.0133116 0.0935207 0.0104021 0.0965593 0.776102
0 0.5875 0.013372 0.0129526 0.109597 0.0099656 0.115081 0.740748
0 0.734375 0.0133205 0.0125609 0.13035 0.00945742 0.139705 0.694127
0 0.88125 0.0134563 0.0121775 0.155464 0.00892532 0.170608 0.636303
0 1.02812 0.0138528 0.0118487 0.183927 0.00844506 0.207212 0.568901
0 1.175 0.0145447 0.0116201 0.213991 0.00811939 0.247977 0.495379
0 1.32188 0.0155071 0.0115317 0.243424 0.00806501 0.290477 0.420672
0 1.46875 0.0166555 0.0116128 0.270027 0.00838745 0.331816 0.350158
0 1.61563 0.0178683 0.011875 0.292173 0.00914647 0.369231 0.28841
0 1.7625 0.0190174 0.0122971 0.309114 0.0103107 0.40058 0.238352
0 1.90938 0.0199893 0.0128071 0.320927 0.0117069 0.424548 0.201175
0 2.05625 0.020693 0.013279 0.328197 0.0130036 0.440567 0.176862
0 2.20312 0.0210626 0.0135657 0.33161 0.0137957 0.448544 0.164909
0 2.35 0.0210623 0.0135655 0.331611 0.0137954 0.448543 0.16491
0 2.49688 0.0206924 0.0132784 0.328198 0.0130027 0.440564 0.176865
0 2.64375 0.0199884 0.0128064 0.320929 0.0117057 0.424543 0.20118
0 2.79062 0.0190163 0.0122964 0.309116 0.0103094 0.400573 0.238359
0 2.9375 0.0178672 0.0118745 0.292174 0.00914537 0.369223 0.288418
0 3.08438 0.0166545 0.0116124 0.270027 0.00838662 0.331808 0.350168
0 3.23125 0.0155062 0.0115314 0.243423 0.00806444 0.290468 0.420683
0 3.37813 0.0145439 0.0116199 0.213989 0.00811904 0.247969 0.49539
0 3.525 0.0138522 0.0118486 0.183925 0.00844486 0.207205 0.568911
0 3.67188 0.0134558 0.0121774 0.155462 0.00892522 0.170602 0.636312
0 3.81875 0.0133202 0.0125608 0.130348 0.00945739 0.1397 0.694134
0 3.96563 0.0133718 0.0129526 0.109595 0.0099656 0.115077 0.740754
0 4.1125 0.0135254 0.0133116 0.0935191 0.0104021 0.0965566 0.776106
0 4.25938 0.0137048 0.0136055 0.0819664 0.0107412 0.0835481 0.801068
0 4.40625 0.0138535 0.013812 0.0745732 0.0109708 0.0753595 0.816828
0 4.55313 0.0139361 0.0139182 0.0709823 0.0110862 0.0714219 0.824419
0.128125 0 0.0139246 0.0139095 0.0712696 0.0110761 0.0715595 0.823977
0.128125 0.146875 0.0138401 0.0138039 0.0749275 0.0109596 0.0755148 0.816297
0.128125 0.29375 0.0136875 0.0135994 0.0824628 0.0107281 0.0837366 0.800353
0.128125 0.440625 0.0135015 0.0133106 0.0942481 0.0103861 0.0967866 0.775104
0.128125 0.5875 0.0133378 0.0129623 0.110666 0.00994586 0.115343 0.739355
0.128125 0.734375 0.0132712 0.0125896 0.131892 0.00943351 0.139968 0.692239
0.128125 0.88125 0.0133856 0.0122367 0.157618 0.00889709 0.170796 0.633856
0.128125 1.02812 0.0137537 0.0119512 0.18683 0.00841272 0.207196 0.565895
0.128125 1.175 0.0144104 0.0117775 0.217754 0.00808333 0.247572 0.491901
0.128125 1.32188 0.0153333 0.0117503 0.248119 0.00802598 0.289471 0.416884
0.128125 1.46875 0.0164428 0.0118908 0.275671 0.00834797 0.330012 0.34626
0.128125 1.61563 0.0176231 0.0122014 0.298725 0.00911387 0.366502 0.284578
0.128125 1.7625 0.0187505 0.0126545 0.316474 0.0102996 0.396906 0.234697
0.128125 1.90938 0.0197124 0.0131773 0.328939 0.0117354 0.420029 0.197729
0.128125 2.05625 0.0204145 0.0136493 0.336661 0.0130806 0.435412 0.173588
0.128125 2.20312 0.0207852 0.0139326 0.340305 0.0139074 0.443047 0.161731
0.128125 2.35 0.020785 0.0139325 0.340305 0.0139071 0.443046 0.161732
0.128125 2.49688 0.0204139 0.0136488 0.336663 0.0130797 0.435409 0.173591
0.128125 2.64375 0.0197116 0.0131767 0.328941 0.0117342 0.420024 0.197733
0.128125 2.79062 0.0187495 0.0126539 0.316475 0.0102983 0.3969 0.234703
0.128125 2.9375 0.017622 0.0122009 0.298725 0.00911281 0.366495 0.284586
0.128125 3.08438 0.0164418 0.0118904 0.275671 0.00834718 0.330004 0.346269
0.128125 3.23125 0.0153324 0.01175 0.248118 0.00802543 0.289462 0.416895
0.128125 3.37813 0.0144096 0.0117773 0.217753 0.00808299 0.247565 0.491912
0.128125 3.525 0.0137531 0.0119511 0.186827 0.00841253 0.207189 0.565905
0.128125 3.67188 0.0133853 0.0122366 0.157616 0.008897 0.17079 0.633865
0.128125 3.81875 0.0132709 0.0125895 0.131889 0.00943348 0.139963 0.692246
0.128125 3.96563 0.0133376 0.0129622 0.110664 0.00994586 0.115339 0.739361
0.128125 4.1125 0.0135014 0.0133106 0.0942464 0.0103861 0.096784 0.775109
0.128125 4.25938 0.0136874 0.0135994 0.0824615 0.0107281 0.0837346 0.800356
0.128125 4.40625 0.0138401 0.0138039 0.0749263 0.0109597 0.0755133 0.8163
0.128125 4.55313 0.0139246 0.0139095 0.0712686 0.0110761 0.0715581 0.823979
0.25625 0 0.0139028 0.0138926 0.0718161 0.0110568 0.0718387 0.823118
0.25625 0.146875 0.0138152 0.0137883 0.0756009 0.0109384 0.0758331 0.815264
0.25625 0.29375 0.0136558 0.0135877 0.0834053 0.010703 0.0841292 0.798959
0.25625 0.440625 0.0134587 0.0133087 0.0956297 0.0103557 0.0972778 0.773145
0.25625 0.5875 0.0132784 0.0129805 0.112693 0.00990911 0.115931 0.736615
0.25625 0.734375 0.013188 0.0126444 0.134801 0.00939024 0.140606 0.68852
0.25625 0.88125 0.0132697 0.0123499 0.161665 0.00884867 0.171356 0.629029
0.25625 1.02812 0.0135951 0.0121476 0.19225 0.00836245 0.20745 0.55996
0.25625 1.175 0.0142005 0.0120796 0.224732 0.00803684 0.247192 0.485026
0.25625 1.32188 0.0150692 0.0121721 0.25675 0.00799204 0.288067 0.40939
0.25625 1.46875 0.016131 0.0124319 0.285952 0.00834111 0.327221 0.338536
0.25625 1.61563 0.0172811 0.0128457 0.31055 0.00915917 0.36208 0.276973
0.25625 1.7625 0.0184036 0.0133742 0.329642 0.0104347 0.3908 0.227427
0.25625 1.90938 0.019384 0.0139408 0.343166 0.0119991 0.412405 0.190856
0.25625 2.05625 0.0201149 0.0144311 0.351609 0.0134832 0.42664 0.167047
0.25625 2.20312 0.0205068 0.0147187 0.355612 0.0144035 0.433656 0.155373
0.25625 2.35 0.0205066 0.0147186 0.355612 0.0144032 0.433655 0.155374
0.25625 2.49688 0.0201144 0.0144306 0.35161 0.0134823 0.426638 0.16705
0.25625 2.64375 0.0193832 0.0139403 0.343168 0.0119979 0.412402 0.190861
0.25625 2.79062 0.0184027 0.0133736 0.329643 0.0104335 0.390795 0.227433
0.25625 2.9375 0.0172802 0.0128452 0.310551 0.0091582 0.362074 0.27698
0.25625 3.08438 0.01613 0.0124315 0.285951 0.00834039 0.327214 0.338545
0.25625 3.23125 0.0150684 0.0121718 0.256749 0.00799155 0.28806 0.4094
0.25625 3.37813 0.0141999 0.0120794 0.22473 0.00803654 0.247185 0.485036
0.25625 3.525 0.0135946 0.0121475 0.192248 0.00836228 0.207444 0.559969
0.25625 3.67188 0.0132693 0.0123498 0.161662 0.00884859 0.171351 0.629038
0.25625 3.81875 0.0131878 0.0126444 0.134799 0.00939022 0.140601 0.688527
0.25625 3.96563 0.0132783 0.0129805 0.112691 0.00990911 0.115928 0.736621
0.25625 4.1125 0.0134586 0.0133087 0.095628 0.0103557 0.0972753 0.773149
0.25625 4.25938 0.0136557 0.0135877 0.0834039 0.010703 0.0841273 0.798963
0.25625 4.40625 0.0138151 0.0137883 0.0755998 0.0109384 0.0758316 0.815267
0.25625 4.55313 0.0139028 0.0138926 0.0718151 0.0110568 0.0718374 0.82312
0.384375 0 0.0138733 0.0138689 0.0725729 0.0110297 0.0722717 0.821879
0.384375 0.146875 0.013782 0.0137662 0.0765317 0.0109087 0.0763335 0.813773
0.384375 0.29375 0.0136152 0.013571 0.0847039 0.0106684 0.0847614 0.796942
0.384375 0.440625 0.0134067 0.0133054 0.0975261 0.0103143 0.098096 0.770302
0.384375 0.5875 0.0132105 0.0130054 0.11546 0.00986037 0.116962 0.732629
0.384375 0.734375 0.013099 0.01272 0.138749 0.00933595 0.141816 0.683098
0.384375 0.88125 0.0131538 0.0125065 0.167107 0.00879458 0.172615 0.621979
0.384375 1.02812 0.0134471 0.0124202 0.19946 0.00832025 0.20849 0.551279
0.384375 1.175 0.014019 0.012502 0.233883 0.0080263 0.247605 0.47496
0.384375 1.32188 0.0148612 0.0127687 0.267885 0.00804375 0.287355 0.398408
0.384375 1.46875 0.0159177 0.0132127 0.298972 0.00850146 0.324903 0.327205
0.384375 1.61563 0.0171 0.0138042 0.325237 0.00949651 0.357813 0.265793
0.384375 1.7625 0.0183007 0.014489 0.345683 0.0110367 0.384472 0.216711
0.384375 1.90938 0.0193953 0.0151801 0.360191 0.0129424 0.404177 0.180691
0.384375 2.05625 0.0202435 0.0157561 0.369242 0.0147717 0.416944 0.157341
0.384375 2.20312 0.0207104 0.0160873 0.373527 0.0159161 0.423157 0.145921
0.384375 2.35 0.0207102 0.0160872 0.373527 0.0159158 0.423157 0.145921
0.384375 2.49688 0.020243 0.0157558 0.369243 0.0147709 0.416942 0.157343
0.384375 2.64375 0.0193946 0.0151797 0.360191 0.0129413 0.404174 0.180695
0.384375 2.79062 0.0182999 0.0144885 0.345683 0.0110356 0.384468 0.216716
0.384375 2.9375 0.0170992 0.0138037 0.325237 0.00949563 0.357808 0.265799
0.384375 3.08438 0.0159169 0.0132124 0.298971 0.00850081 0.324898 0.327213
0.384375 3.23125 0.0148605 0.0127684 0.267883 0.00804331 0.287349 0.398417
0.384375 3.37813 0.0140185 0.0125018 0.23388 0.00802603 0.247599 0.474969
0.384375 3.525 0.0134467 0.0124201 0.199457 0.0083201 0.208484 0.551288
0.384375 3.67188 0.0131535 0.0125064 0.167105 0.00879451 0.17261 0.621987
0.384375 3.81875 0.0130988 0.0127199 0.138747 0.00933593 0.141812 0.683105
0.384375 3.96563 0.0132104 0.0130054 0.115458 0.00986038 0.116959 0.732634
0.384375 4.1125 0.0134067 0.0133054 0.0975244 0.0103143 0.0980937 0.770306
0.384375 4.25938 0.0136152 0.013571 0.0847026 0.0106684 0.0847597 0.796945
0.384375 4.40625 0.013782 0.0137662 0.0765306 0.0109087 0.0763321 0.813775
0.384375 4.55313 0.0138733 0.0138689 0.0725719 0.0110297 0.0722705 0.821882
0.5125 0 0.0138394 0.0138399 0.0734704 0.0109969 0.0728679 0.820324
0.5125 0.146875 0.0137451 0.013739 0.0776325 0.0108729 0.0770332 0.811894
0.5125 0.29375 0.013573 0.0135501 0.0862327 0.0106272 0.0856692 0.794393
0.5125 0.440625 0.0133578 0.0133004 0.099745 0.0102662 0.0993125 0.766697
0.5125 0.5875 0.013155 0.0130333 0.118673 0.00980624 0.118567 0.72756
0.5125 0.734375 0.013039 0.0128077 0.143283 0.0092814 0.143833 0.676186
0.5125 0.88125 0.0130941 0.0126904 0.173269 0.00875343 0.174965 0.612975
0.5125 1.02812 0.013396 0.0127441 0.207468 0.00831946 0.210938 0.540181
0.5125 1.175 0.0139914 0.0130115 0.243803 0.00811201 0.249749 0.462088
0.5125 1.32188 0.0148842 0.0135075 0.279597 0.0082898 0.288667 0.384362
0.5125 1.46875 0.016038 0.0142201 0.312184 0.00902269 0.324838 0.312706
0.5125 1.61563 0.0173864 0.0151148 0.339536 0.0104632 0.355928 0.251463
0.5125 1.7625 0.018831 0.0161275 0.360601 0.0126654 0.380526 0.202926
0.5125 1.90938 0.0202231 0.0171444 0.375295 0.0154193 0.398204 0.16755
0.5125 2.05625 0.0213538 0.0179938 0.384253 0.0181014 0.409311 0.144727
0.5125 2.20312 0.021996 0.0184838 0.388396 0.0197972 0.414577 0.133596
0.5125 2.35 0.0219959 0.0184837 0.388396 0.0197969 0.414576 0.133597
0.5125 2.49688 0.0213533 0.0179935 0.384253 0.0181005 0.40931 0.144729
0.5125 2.64375 0.0202224 0.017144 0.375295 0.0154182 0.398202 0.167553
0.5125 2.79062 0.0188302 0.016127 0.3606 0.0126644 0.380524 0.20293
0.5125 2.9375 0.0173856 0.0151143 0.339535 0.0104624 0.355925 0.251469
0.5125 3.08438 0.0160374 0.0142197 0.312182 0.0090221 0.324834 0.312713
0.5125 3.23125 0.0148836 0.0135072 0.279594 0.00828942 0.288663 0.38437
0.5125 3.37813 0.013991 0.0130113 0.2438 0.00811178 0.249744 0.462096
0.5125 3.525 0.0133957 0.0127439 0.207465 0.00831933 0.210934 0.540189
0.5125 3.67188 0.0130939 0.0126903 0.173266 0.00875337 0.174961 0.612982
0.5125 3.81875 0.0130389 0.0128076 0.14328 0.00928138 0.14383 0.676192
0.5125 3.96563 0.0131549 0.0130333 0.118671 0.00980625 0.118564 0.727565
0.5125 4.1125 0.0133577 0.0133004 0.0997433 0.0102662 0.0993105 0.766701
0.5125 4.25938 0.013573 0.0135501 0.0862314 0.0106272 0.0856677 0.794396
0.5125 4.40625 0.0137451 0.013739 0.0776314 0.0108729 0.077032 0.811897
0.5125 4.55313 0.0138394 0.0138399 0.0734694 0.0109969 0.0728668 0.820326
0.640625 0 0.0138046 0.0138074 0.0744266 0.0109609 0.0736289 0.818536
0.640625 0.146875 0.0137094 0.0137084 0.0788004 0.010834 0.0779407 0.809728
0.640625 0.29375 0.0135368 0.0135258 0.0878434 0.010583 0.0868772 0.791441
0.640625 0.440625 0.0133248 0.0132922 0.102061 0.0102162 0.100984 0.762506
0.640625 0.5875 0.0131336 0.0130594 0.121986 0.00975398 0.12086 0.721644
0.640625 0.734375 0.0130439 0.0128964 0.14788 0.00923826 0.14687 0.668098
0.640625 0.88125 0.0131469 0.0128818 0.179374 0.00874539 0.17877 0.602422
0.640625 1.02812 0.0135263 0.0130892 0.215154 0.00839678 0.215385 0.527167
0.640625 1.175 0.014239 0.0135736 0.252919 0.00836351 0.254517 0.447001
0.640625 1.32188 0.0153059 0.0143673 0.289744 0.00886648 0.29327 0.367914
0.640625 1.46875 0.0167182 0.0154874 0.322755 0.0101786 0.328689 0.295723
0.640625 1.61563 0.0184415 0.0169366 0.349795 0.0126048 0.358425 0.234631
0.640625 1.7625 0.0203901 0.018669 0.369798 0.0163412 0.381133 0.186626
0.640625 1.90938 0.0223698 0.0205173 0.382868 0.0211278 0.396594 0.15186
0.640625 2.05625 0.024047 0.0221443 0.390116 0.0258945 0.40562 0.129522
0.640625 2.20312 0.0250247 0.0231163 0.393144 0.0289507 0.409593 0.118652
0.640625 2.35 0.0250245 0.0231162 0.393144 0.0289503 0.409593 0.118652
0.640625 2.49688 0.0240464 0.0221441 0.390116 0.0258935 0.40562 0.129524
0.640625 2.64375 0.0223691 0.020517 0.382867 0.0211266 0.396594 0.151863
0.640625 2.79062 0.0203893 0.0186686 0.369797 0.0163402 0.381132 0.18663
0.640625 2.9375 0.0184408 0.0169362 0.349793 0.012604 0.358424 0.234636
0.640625 3.08438 0.0167176 0.015487 0.322753 0.0101781 0.328687 0.295729
0.640625 3.23125 0.0153055 0.014367 0.289741 0.00886613 0.293267 0.367921
0.640625 3.37813 0.0142387 0.0135734 0.252916 0.0083633 0.254514 0.447008
0.640625 3.525 0.0135261 0.013089 0.215151 0.00839667 0.215382 0.527174
0.640625 3.67188 0.0131467 0.0128817 0.179372 0.00874534 0.178767 0.602428
0.640625 3.81875 0.0130438 0.0128963 0.147878 0.00923824 0.146867 0.668104
0.640625 3.96563 0.0131335 0.0130593 0.121984 0.00975399 0.120858 0.721649
0.640625 4.1125 0.0133247 0.0132922 0.10206 0.0102162 0.100982 0.762509
0.640625 4.25938 0.0135368 0.0135258 0.0878421 0.010583 0.0868759 0.791443
0.640625 4.40625 0.0137094 0.0137084 0.0787994 0.010834 0.0779396 0.80973
0.640625 4.55313 0.0138046 0.0138074 0.0744257 0.0109609 0.073628 0.818537
0.76875 0 0.0137727 0.0137735 0.0753545 0.0109243 0.0745424 0.816617
0.76875 0.146875 0.0136795 0.0136759 0.0799269 0.0107948 0.0790466 0.807396
0.76875 0.29375 0.0135136 0.0134986 0.0893811 0.0105394 0.0883847 0.788247
0.76875 0.440625 0.013319 0.0132794 0.104242 0.0101693 0.103128 0.75795
0.76875 0.5875 0.0131647 0.0130778 0.125046 0.00971065 0.123898 0.715189
0.76875 0.734375 0.0131429 0.0129737 0.152015 0.00921771 0.151048 0.659247
0.76875 0.88125 0.0133573 0.0130591 0.184655 0.00878988 0.184268 0.590855
0.76875 1.02812 0.0139044 0.0134264 0.221428 0.00858923 0.222234 0.512902
0.76875 1.175 0.014856 0.014163 0.259728 0.00885754 0.262539 0.430477
0.76875 1.32188 0.0162575 0.0153633 0.296305 0.00994527 0.302045 0.349909
0.76875 1.46875 0.0181424 0.0171556 0.328004 0.0123668 0.337544 0.277096
0.76875 1.61563 0.0205287 0.0197001 0.352459 0.0168126 0.3664 0.216032
0.76875 1.7625 0.0233513 0.0230825 0.368562 0.0238614 0.387008 0.168362
0.76875 1.90938 0.0263368 0.0270669 0.376804 0.0331669 0.399235 0.133959
0.76875 2.05625 0.028938 0.0308584 0.379384 0.0426143 0.404722 0.111888
0.76875 2.20312 0.0304772 0.0332373 0.379477 0.048725 0.40632 0.101154
0.76875 2.35 0.0304769 0.0332373 0.379477 0.0487246 0.40632 0.101155
0.76875 2.49688 0.0289373 0.0308582 0.379383 0.0426131 0.404723 0.111889
0.76875 2.64375 0.026336 0.0270666 0.376802 0.0331654 0.399236 0.133961
0.76875 2.79062 0.0233506 0.0230821 0.36856 0.0238601 0.387009 0.168365
0.76875 2.9375 0.0205281 0.0196998 0.352456 0.0168117 0.3664 0.216036
0.76875 3.08438 0.0181419 0.0171553 0.328001 0.0123663 0.337544 0.277101
0.76875 3.23125 0.0162572 0.015363 0.296302 0.00994494 0.302043 0.349915
0.76875 3.37813 0.0148557 0.0141628 0.259724 0.00885735 0.262536 0.430483
0.76875 3.525 0.0139043 0.0134262 0.221425 0.00858914 0.222231 0.512908
0.76875 3.67188 0.0133572 0.013059 0.184652 0.00878984 0.184266 0.590861
0.76875 3.81875 0.0131428 0.0129737 0.152013 0.0092177 0.151046 0.659252
0.76875 3.96563 0.0131647 0.0130778 0.125044 0.00971066 0.123896 0.715193
0.76875 4.1125 0.0133189 0.0132794 0.10424 0.0101693 0.103127 0.757953
0.76875 4.25938 0.0135136 0.0134986 0.0893798 0.0105394 0.0883836 0.78825
0.76875 4.40625 0.0136795 0.0136759 0.0799259 0.0107948 0.0790457 0.807398
0.76875 4.55313 0.0137727 0.0137736 0.0753535 0.0109243 0.0745416 0.816618
0.896875 0 0.0137469 0.0137401 0.0761714 0.0108897 0.0755774 0.814686
0.896875 0.146875 0.0136591 0.0136431 0.0809098 0.0107581 0.0803177 0.805039
0.896875 0.29375 0.0135087 0.0134691 0.090702 0.0104999 0.0901546 0.785002
0.896875 0.440625 0.013348 0.0132602 0.106075 0.0101298 0.105707 0.753293
0.896875 0.5875 0.0132599 0.0130831 0.127538 0.00968228 0.127646 0.708561
0.896875 0.734375 0.0133533 0.0130277 0.155228 0.00922901 0.156353 0.650128
0.896875 0.88125 0.0137505 0.0132029 0.188462 0.00890332 0.191482 0.578916
0.896875 1.02812 0.0145659 0.0137329 0.225401 0.00893068 0.231577 0.498168
0.896875 1.175 0.0158927 0.0147744 0.263048 0.00967427 0.273991 0.413408
0.896875 1.32188 0.017815 0.0165729 0.297729 0.0117332 0.315226 0.331276
0.896875 1.46875 0.0204363 0.0195541 0.32585 0.0161236 0.351524 0.257677
0.896875 1.61563 0.0238615 0.024361 0.344609 0.0243561 0.379416 0.196319
0.896875 1.7625 0.0280512 0.0316225 0.352682 0.0377752 0.39638 0.1485
0.896875 1.90938 0.0325779 0.0411907 0.351225 0.0557063 0.402168 0.113941
0.896875 2.05625 0.0365379 0.0511074 0.344571 0.0738167 0.400203 0.0917466
0.896875 2.20312 0.0388661 0.0576654 0.338931 0.0853895 0.3967 0.0809651
0.896875 2.35 0.0388658 0.0576654 0.338931 0.0853889 0.396701 0.0809655
0.896875 2.49688 0.0365372 0.0511074 0.34457 0.0738151 0.400205 0.0917476
0.896875 2.64375 0.032577 0.0411905 0.351224 0.0557044 0.402171 0.113943
0.896875 2.79062 0.0280504 0.0316222 0.352679 0.0377735 0.396382 0.148502
0.896875 2.9375 0.0238609 0.0243607 0.344606 0.024355 0.379417 0.196322
0.896875 3.08438 0.0204359 0.0195537 0.325847 0.016123 0.351525 0.257681
0.896875 3.23125 0.0178147 0.0165726 0.297725 0.0117329 0.315226 0.331281
0.896875 3.37813 0.0158925 0.0147741 0.263045 0.0096741 0.27399 0.413413
0.896875 3.525 0.0145658 0.0137327 0.225397 0.00893059 0.231575 0.498173
0.896875 3.67188 0.0137504 0.0132027 0.188459 0.00890329 0.19148 0.578921
0.896875 3.81875 0.0133533 0.0130276 0.155225 0.009229 0.156352 0.650133
0.896875 3.96563 0.0132599 0.013083 0.127536 0.00968228 0.127645 0.708565
0.896875 4.1125 0.0133481 0.0132602 0.106073 0.0101298 0.105706 0.753296
0.896875 4.25938 0.0135087 0.0134691 0.0907008 0.0104999 0.0901538 0.785004
0.896875 4.40625 0.0136592 0.0136431 0.0809088 0.0107581 0.080317 0.805041
0.896875 4.55313 0.0137469 0.0137401 0.0761705 0.0108897 0.0755767 0.814687
1.025 0 0.0137292 0.0137089 0.0768082 0.0108594 0.0766828 0.812869
1.025 0.146875 0.0136508 0.0136114 0.081665 0.0107264 0.0816936 0.80281
1.025 0.29375 0.0135244 0.0134379 0.0916906 0.0104672 0.092108 0.781908
1.025 0.440625 0.0134145 0.0132337 0.107393 0.010101 0.108612 0.748825
1.025 0.5875 0.0134212 0.0130708 0.129227 0.009673 0.131959 0.702163
1.025 0.734375 0.013676 0.0130493 0.157192 0.00927793 0.162595 0.641284
1.025 0.88125 0.014325 0.0132992 0.190366 0.00909588 0.200173 0.567298
1.025 1.02812 0.0155065 0.0139962 0.226538 0.00944509 0.24312 0.483797
1.025 1.175 0.0173453 0.0154263 0.262241 0.010882 0.2885 0.396708
1.025 1.32188 0.0199888 0.0181469 0.293239 0.0144327 0.332255 0.312914
1.025 1.46875 0.023657 0.0232716 0.315248 0.0219976 0.369563 0.238222
1.025 1.61563 0.0285873 0.0327611 0.324617 0.0364475 0.395115 0.175982
1.025 1.7625 0.0347201 0.0491361 0.319532 0.0599975 0.404224 0.127233
1.025 1.90938 0.0412439 0.0733396 0.302294 0.0904388 0.396267 0.091808
1.025 2.05625 0.0466457 0.100659 0.280892 0.119375 0.37855 0.0690952
1.025 2.20312 0.0496013 0.119643 0.266312 0.136743 0.364422 0.0581629
1.025 2.35 0.049601 0.119643 0.266312 0.136742 0.364423 0.0581631
1.025 2.49688 0.0466449 0.100659 0.280891 0.119373 0.378552 0.069096
1.025 2.64375 0.0412429 0.0733399 0.302293 0.0904362 0.39627 0.0918093
1.025 2.79062 0.0347193 0.0491361 0.319529 0.0599954 0.404228 0.127235
1.025 2.9375 0.0285868 0.0327609 0.324614 0.0364461 0.395118 0.175985
1.025 3.08438 0.0236567 0.0232713 0.315244 0.0219969 0.369565 0.238225
1.025 3.23125 0.0199887 0.0181466 0.293235 0.0144324 0.332256 0.312918
1.025 3.37813 0.0173453 0.0154261 0.262237 0.0108818 0.2885 0.396712
1.025 3.525 0.0155064 0.013996 0.226535 0.00944503 0.24312 0.483801
1.025 3.67188 0.014325 0.013299 0.190363 0.00909586 0.200172 0.567302
1.025 3.81875 0.013676 0.0130492 0.15719 0.00927793 0.162594 0.641288
1.025 3.96563 0.0134212 0.0130707 0.129225 0.00967301 0.131958 0.702166
1.025 4.1125 0.0134145 0.0132336 0.107392 0.010101 0.108611 0.748827
1.025 4.25938 0.0135244 0.0134379 0.0916894 0.0104672 0.0921074 0.78191
1.025 4.40625 0.0136508 0.0136114 0.0816641 0.0107264 0.0816931 0.802811
1.025 4.55313 0.0137292 0.0137089 0.0768074 0.0108594 0.0766823 0.81287
1.15313 0 0.0137208 0.0136815 0.0772169 0.0108351 0.0777891 0.811289
1.15313 0.146875 0.0136548 0.0135823 0.0821359 0.0107016 0.0830888 0.800857
1.15313 0.29375 0.01356 0.0134061 0.0922733 0.0104433 0.0941255 0.779171
1.15313 0.440625 0.0135145 0.0131998 0.108101 0.0100848 0.111669 0.744832
1.15313 0.5875 0.0136396 0.0130395 0.129987 0.00968426 0.136582 0.696398
1.15313 0.734375 0.0140933 0.0130344 0.157766 0.0093649 0.169408 0.63326
1.15313 0.88125 0.01505 0.0133417 0.19023 0.00936691 0.209832 0.556693
1.15313 1.02812 0.0166781 0.0142134 0.224758 0.0101344 0.256172 0.4706
1.15313 1.175 0.0191499 0.0161497 0.257344 0.0125019 0.305129 0.381245
1.15313 1.32188 0.0227132 0.0202745 0.283052 0.0181299 0.351799 0.295648
1.15313 1.46875 0.0277708 0.0291303 0.296587 0.0301759 0.389491 0.219407
1.15313 1.61563 0.0347155 0.0479143 0.292994 0.0530253 0.409382 0.155487
1.15313 1.7625 0.0431945 0.0848754 0.269736 0.0883371 0.402416 0.104841
1.15313 1.90938 0.0512086 0.145946 0.231015 0.128561 0.367142 0.067823
1.15313 2.05625 0.0560541 0.219722 0.190578 0.1592 0.319187 0.0445414
1.15313 2.20312 0.0574936 0.271722 0.16556 0.173154 0.285917 0.0338254
1.15313 2.35 0.0574934 0.271723 0.165559 0.173153 0.285918 0.0338255
1.15313 2.49688 0.0560534 0.219724 0.190578 0.159198 0.319188 0.0445418
1.15313 2.64375 0.0512078 0.145948 0.231014 0.128558 0.367145 0.0678239
1.15313 2.79062 0.0431938 0.0848762 0.269734 0.0883344 0.402419 0.104842
1.15313 2.9375 0.0347151 0.0479144 0.29299 0.0530237 0.409385 0.155489
1.15313 3.08438 0.0277706 0.0291301 0.296583 0.0301752 0.389494 0.219409
1.15313 3.23125 0.0227132 0.0202743 0.283048 0.0181296 0.351801 0.295651
1.15313 3.37813 0.0191499 0.0161495 0.25734 0.0125018 0.30513 0.381248
1.15313 3.525 0.0166782 0.0142132 0.224755 0.0101343 0.256172 0.470603
1.15313 3.67188 0.01505 0.0133415 0.190227 0.0093669 0.209832 0.556696
1.15313 3.81875 0.0140934 0.0130343 0.157764 0.00936491 0.169408 0.633263
1.15313 3.96563 0.0136397 0.0130394 0.129985 0.00968427 0.136581 0.6964
1.15313 4.1125 0.0135145 0.0131998 0.1081 0.0100848 0.111669 0.744834
1.15313 4.25938 0.01356 0.0134061 0.0922722 0.0104433 0.094125 0.779173
1.15313 4.40625 0.0136548 0.0135823 0.082135 0.0107016 0.0830884 0.800858
1.15313 4.55313 0.0137209 0.0136815 0.0772162 0.0108351 0.0777887 0.81129
1.28125 0 0.0137215 0.0136593 0.0773761 0.0108181 0.0788141 0.810055
1.28125 0.146875 0.0136699 0.0135572 0.0823002 0.0106849 0.0843996 0.799313
1.28125 0.29375 0.0136111 0.0133753 0.0924281 0.0104292 0.0960565 0.776973
1.28125 0.440625 0.0136383 0.0131604 0.108181 0.0100815 0.11465 0.741578
1.28125 0.5875 0.0138955 0.012991 0.129825 0.00971414 0.141166 0.691638
1.28125 0.734375 0.0145692 0.0129847 0.157011 0.00948323 0.176274 0.626556
1.28125 0.88125 0.0158652 0.0133313 0.188234 0.00969964 0.219716 0.547735
1.28125 1.02812 0.017989 0.0143846 0.220455 0.0109625 0.269703 0.459317
1.28125 1.175 0.0211777 0.0169555 0.249106 0.0144583 0.322488 0.367808
1.28125 1.32188 0.0258281 0.0230724 0.268451 0.0226342 0.371976 0.280255
1.28125 1.46875 0.0325939 0.0378848 0.27196 0.0399803 0.40856 0.201969
1.28125 1.61563 0.0419291 0.0735182 0.253074 0.0713588 0.417496 0.135529
1.28125 1.7625 0.0522062 0.152719 0.208488 0.11335 0.381683 0.0819554
1.28125 1.90938 0.0576332 0.293356 0.146466 0.145355 0.299415 0.0431316
1.28125 2.05625 0.0541469 0.44923 0.0933273 0.151007 0.211391 0.0214099
1.28125 2.20312 0.0489445 0.537166 0.0679861 0.146226 0.164139 0.0133371
1.28125 2.35 0.0489442 0.537168 0.0679858 0.146225 0.164139 0.0133371
1.28125 2.49688 0.0541462 0.449235 0.0933261 0.151004 0.211391 0.0214099
1.28125 2.64375 0.0576325 0.29336 0.146464 0.145351 0.299417 0.0431319
1.28125 2.79062 0.0522057 0.152721 0.208485 0.113347 0.381686 0.0819561
1.28125 2.9375 0.0419289 0.073519 0.253071 0.071357 0.417499 0.135531
1.28125 3.08438 0.0325939 0.0378848 0.271956 0.0399795 0.408563 0.20197
1.28125 3.23125 0.0258282 0.0230722 0.268447 0.0226339 0.371978 0.280257
1.28125 3.37813 0.0211778 0.0169553 0.249102 0.0144583 0.32249 0.36781
1.28125 3.525 0.0179891 0.0143844 0.220452 0.0109625 0.269704 0.45932
1.28125 3.67188 0.0158653 0.0133312 0.188231 0.00969964 0.219717 0.547738
1.28125 3.81875 0.0145692 0.0129846 0.157008 0.00948324 0.176274 0.626559
1.28125 3.96563 0.0138955 0.012991 0.129824 0.00971416 0.141166 0.69164
1.28125 4.1125 0.0136384 0.0131604 0.10818 0.0100815 0.114649 0.741579
1.28125 4.25938 0.0136111 0.0133753 0.0924272 0.0104292 0.0960562 0.776975
1.28125 4.40625 0.0136699 0.0135572 0.0822995 0.0106849 0.0843994 0.799314
1.28125 4.55313 0.0137215 0.0136593 0.0773754 0.0108182 0.0788139 0.810056
1.40938 0 0.0137298 0.0136434 0.0772932 0.010809 0.0796721 0.809248
1.40938 0.146875 0.0136929 0.0135375 0.0821725 0.0106767 0.0855154 0.79828
1.40938 0.29375 0.0136707 0.0133476 0.0921865 0.0104246 0.0977359 0.775458
1.40938 0.440625 0.0137711 0.0131191 0.107701 0.0100893 0.117295 0.739271
1.40938 0.5875 0.01416 0.0129309 0.128875 0.00975719 0.145308 0.688182
1.40938 0.734375 0.0150528 0.012908 0.15518 0.00961831 0.182583 0.621583
1.40938 0.88125 0.0166867 0.013275 0.184842 0.0100581 0.22893 0.54095
1.40938 1.02812 0.0193086 0.0145045 0.214439 0.0118442 0.282465 0.450576
1.40938 1.175 0.023236 0.0177925 0.238881 0.0165427 0.338932 0.357105
1.40938 1.32188 0.0290562 0.0264015 0.251651 0.0273829 0.39075 0.267527
1.40938 1.46875 0.0377089 0.0494791 0.245008 0.0497274 0.424404 0.186857
1.40938 1.61563 0.0493608 0.111408 0.21083 0.0864538 0.416467 0.117223
1.40938 1.7625 0.0586868 0.261965 0.145853 0.122051 0.337335 0.060038
1.40938 1.90938 0.0525856 0.503015 0.0730276 0.122297 0.203984 0.0224401
1.40938 2.05625 0.0377805 0.674005 0.0336644 0.103031 0.113224 0.00788991
1.40938 2.20312 0.02962 0.738188 0.0209293 0.0926307 0.0788446 0.00408767
1.40938 2.35 0.0296198 0.738189 0.0209291 0.0926298 0.0788445 0.00408766
1.40938 2.49688 0.0377799 0.674009 0.0336637 0.103029 0.113223 0.00788986
1.40938 2.64375 0.0525849 0.503022 0.0730257 0.122293 0.203983 0.0224399
1.40938 2.79062 0.0586865 0.26197 0.14585 0.122047 0.337336 0.0600381
1.40938 2.9375 0.0493608 0.11141 0.210826 0.086452 0.41647 0.117223
1.40938 3.08438 0.0377091 0.0494795 0.245004 0.0497268 0.424407 0.186858
1.40938 3.23125 0.0290564 0.0264015 0.251647 0.0273828 0.390752 0.267528
1.40938 3.37813 0.0232361 0.0177923 0.238877 0.0165427 0.338934 0.357107
1.40938 3.525 0.0193087 0.0145044 0.214436 0.0118442 0.282466 0.450578
1.40938 3.67188 0.0166868 0.0132748 0.184839 0.0100581 0.228931 0.540952
1.40938 3.81875 0.0150529 0.012908 0.155178 0.00961833 0.182583 0.621584
1.40938 3.96563 0.0141601 0.0129308 0.128873 0.00975721 0.145308 0.688184
1.40938 4.1125 0.0137712 0.013119 0.1077 0.0100893 0.117295 0.739272
1.40938 4.25938 0.0136708 0.0133476 0.0921857 0.0104246 0.0977358 0.775459
1.40938 4.40625 0.0136929 0.0135375 0.0821718 0.0106767 0.0855152 0.798281
1.40938 4.55313 0.0137298 0.0136434 0.0772927 0.010809 0.0796719 0.809249
1.5375 0 0.0137432 0.0136343 0.0770032 0.0108075 0.0802842 0.808917
1.5375 0.146875 0.0137197 0.0135247 0.0818009 0.0106764 0.0863322 0.797818
1.5375 0.29375 0.01373 0.0133253 0.0916285 0.0104284 0.0990049 0.774711
1.5375 0.440625 0.0138952 0.0130809 0.106798 0.0101051 0.11935 0.738041
1.5375 0.5875 0.0144 0.0128675 0.127375 0.00980516 0.148602 0.686225
1.5375 0.734375 0.0154854 0.0128181 0.152682 0.00974902 0.187701 0.618616
1.5375 0.88125 0.0174166 0.0131845 0.180731 0.01039 0.23654 0.536711
1.5375 1.02812 0.0204813 0.0145606 0.207803 0.0126503 0.293154 0.444854
1.5375 1.175 0.0250798 0.018528 0.228405 0.0184322 0.352797 0.349741
1.5375 1.32188 0.0320013 0.0297208 0.235405 0.0315513 0.406341 0.258276
1.5375 1.46875 0.0424399 0.0621289 0.220178 0.0574166 0.436005 0.175233
1.5375 1.61563 0.0557096 0.156764 0.173477 0.0943755 0.407825 0.102192
1.5375 1.7625 0.0596549 0.39101 0.0955173 0.111585 0.280964 0.0422741
1.5375 1.90938 0.0406921 0.662625 0.0338905 0.0870006 0.133129 0.011262
1.5375 2.05625 0.0239612 0.784313 0.0125206 0.0662851 0.0652248 0.00313716
1.5375 2.20312 0.0170826 0.819545 0.0069226 0.0584878 0.0425605 0.00141538
1.5375 2.35 0.0170825 0.819546 0.00692253 0.0584872 0.0425604 0.00141538
1.5375 2.49688 0.0239608 0.784316 0.0125203 0.0662833 0.0652244 0.00313713
1.5375 2.64375 0.0406914 0.662631 0.0338894 0.0869974 0.133128 0.0112618
1.5375 2.79062 0.0596547 0.391017 0.0955145 0.111581 0.280963 0.0422737
1.5375 2.9375 0.0557098 0.156767 0.173474 0.0943738 0.407826 0.102192
1.5375 3.08438 0.0424402 0.0621298 0.220174 0.0574162 0.436007 0.175233
1.5375 3.23125 0.0320016 0.0297209 0.235402 0.0315513 0.406343 0.258277
1.5375 3.37813 0.0250801 0.0185279 0.228401 0.0184322 0.352799 0.349742
1.5375 3.525 0.0204815 0.0145605 0.2078 0.0126504 0.293155 0.444856
1.5375 3.67188 0.0174167 0.0131844 0.180729 0.01039 0.236541 0.536712
1.5375 3.81875 0.0154855 0.0128181 0.15268 0.00974905 0.187702 0.618617
1.5375 3.96563 0.0144 0.0128674 0.127373 0.00980518 0.148602 0.686226
1.5375 4.1125 0.0138952 0.0130809 0.106797 0.0101051 0.11935 0.738042
1.5375 4.25938 0.0137301 0.0133253 0.0916278 0.0104284 0.0990049 0.774712
1.5375 4.40625 0.0137197 0.0135247 0.0818003 0.0106764 0.0863322 0.797818
1.5375 4.55313 0.0137432 0.0136343 0.0770028 0.0108075 0.0802841 0.808917
1.66563 0 0.0137589 0.0136325 0.0765633 0.010813 0.0805898 0.809064
1.66563 0.146875 0.0137453 0.0135195 0.0812613 0.0106831 0.0867681 0.797933
1.66563 0.29375 0.0137798 0.0133111 0.090871 0.0104387 0.0997336 0.774749
1.66563 0.440625 0.0139926 0.0130519 0.105662 0.0101248 0.120598 0.737923
1.66563 0.5875 0.0145823 0.0128121 0.125637 0.0098487 0.150694 0.685827
1.66563 0.734375 0.0158086 0.0127326 0.150017 0.00985214 0.191068 0.617764
1.66563 0.88125 0.0179581 0.0130791 0.176687 0.0106376 0.2417 0.535191
1.66563 1.02812 0.0213496 0.014541 0.201752 0.0132376 0.300576 0.442427
1.66563 1.175 0.0264489 0.0189884 0.219494 0.0197781 0.362597 0.346151
1.66563 1.32188 0.0342061 0.0321751 0.222445 0.0343635 0.417416 0.253209
1.66563 1.46875 0.045988 0.0722735 0.201592 0.0618402 0.443798 0.168249
1.66563 1.61563 0.0599636 0.195707 0.147286 0.0956241 0.398421 0.0923823
1.66563 1.7625 0.0571535 0.487919 0.0662747 0.0954889 0.238661 0.0317705
1.66563 1.90938 0.0324266 0.738555 0.0190044 0.0639669 0.0999305 0.00693656
1.66563 2.05625 0.017033 0.82493 0.00610687 0.0463401 0.0462086 0.00168627
1.66563 2.20312 0.0114033 0.844915 0.00309127 0.040524 0.0286761 0.00069144
1.66563 2.35 0.0114032 0.844915 0.00309124 0.0405236 0.0286761 0.000691437
1.66563 2.49688 0.0170328 0.824931 0.0061067 0.0463388 0.0462083 0.00168625
1.66563 2.64375 0.0324261 0.738559 0.0190037 0.0639646 0.0999294 0.00693641
1.66563 2.79062 0.0571532 0.487927 0.0662723 0.0954859 0.238659 0.0317699
1.66563 2.9375 0.0599641 0.195711 0.147282 0.0956228 0.398421 0.0923818
1.66563 3.08438 0.0459885 0.0722746 0.201588 0.0618401 0.443801 0.168249
1.66563 3.23125 0.0342065 0.0321753 0.222442 0.0343637 0.417418 0.25321
1.66563 3.37813 0.0264492 0.0189884 0.219491 0.0197783 0.3626 0.346151
1.66563 3.525 0.0213498 0.0145409 0.201749 0.0132377 0.300578 0.442428
1.66563 3.67188 0.0179583 0.0130791 0.176685 0.0106377 0.241701 0.535191
1.66563 3.81875 0.0158087 0.0127325 0.150015 0.00985217 0.191069 0.617765
1.66563 3.96563 0.0145823 0.0128121 0.125635 0.00984872 0.150694 0.685828
1.66563 4.1125 0.0139926 0.0130519 0.105661 0.0101248 0.120598 0.737923
1.66563 4.25938 0.0137798 0.0133111 0.0908704 0.0104387 0.0997338 0.774749
1.66563 4.40625 0.0137453 0.0135195 0.0812609 0.0106831 0.0867681 0.797934
1.66563 4.55313 0.0137589 0.0136325 0.076563 0.010813 0.0805898 0.809064
1.79375 0 0.0137738 0.0136378 0.0760457 0.0108239 0.0805559 0.809649
1.79375 0.146875 0.0137654 0.0135226 0.0806466 0.0106951 0.0867755 0.79858
1.79375 0.29375 0.0138121 0.0133079 0.090052 0.0104533 0.0998408 0.775514
1.79375 0.440625 0.0140485 0.0130378 0.104511 0.0101445 0.120898 0.738842
1.79375 0.5875 0.0146801 0.0127779 0.124 0.00987964 0.151337 0.686902
1.79375 0.734375 0.0159758 0.0126716 0.147709 0.00990888 0.192277 0.618937
1.79375 0.88125 0.0182331 0.0129878 0.173495 0.0107552 0.243765 0.536321
1.79375 1.02812 0.0217851 0.0144543 0.197429 0.013495 0.3038 0.443293
1.79375 1.175 0.0271266 0.0190549 0.213762 0.0203309 0.367146 0.346473
1.79375 1.32188 0.035279 0.0330071 0.21499 0.0354034 0.422931 0.252704
1.79375 1.46875 0.0476913 0.0762806 0.19214 0.0630634 0.448455 0.166659
1.79375 1.61563 0.0619414 0.212259 0.135723 0.0943002 0.396098 0.0892853
1.79375 1.7625 0.0559759 0.524887 0.0559577 0.086824 0.224366 0.0284569
1.79375 1.90938 0.0296883 0.762513 0.0148096 0.054466 0.0906435 0.00580346
1.79375 2.05625 0.0148957 0.836785 0.00448079 0.03812 0.0410941 0.00133945
1.79375 2.20312 0.00969651 0.851666 0.00217885 0.0328853 0.0249313 0.000528161
1.79375 2.35 0.00969647 0.851666 0.00217883 0.0328851 0.0249312 0.000528158
1.79375 2.49688 0.0148956 0.836785 0.00448067 0.0381192 0.0410938 0.00133943
1.79375 2.64375 0.029688 0.762516 0.0148091 0.0544644 0.0906425 0.00580333
1.79375 2.79062 0.0559756 0.524895 0.0559556 0.0868217 0.224364 0.0284563
1.79375 2.9375 0.0619419 0.212263 0.13572 0.0942994 0.396097 0.0892846
1.79375 3.08438 0.0476919 0.076282 0.192137 0.0630636 0.448457 0.166658
1.79375 3.23125 0.0352794 0.0330075 0.214987 0.0354038 0.422933 0.252704
1.79375 3.37813 0.0271269 0.0190549 0.21376 0.0203311 0.367148 0.346473
1.79375 3.525 0.0217854 0.0144542 0.197427 0.0134951 0.303802 0.443293
1.79375 3.67188 0.0182333 0.0129878 0.173493 0.0107553 0.243766 0.536321
1.79375 3.81875 0.015976 0.0126715 0.147707 0.00990892 0.192278 0.618937
1.79375 3.96563 0.0146801 0.0127779 0.123999 0.00987965 0.151338 0.686903
1.79375 4.1125 0.0140485 0.0130377 0.10451 0.0101445 0.120898 0.738842
1.79375 4.25938 0.0138121 0.0133079 0.0900515 0.0104533 0.099841 0.775514
1.79375 4.40625 0.0137654 0.0135226 0.0806463 0.0106952 0.0867756 0.798581
1.79375 4.55313 0.0137738 0.0136378 0.0760454 0.0108239 0.080556 0.809649
1.92188 0 0.0137855 0.0136495 0.0755277 0.0108386 0.0801831 0.81059
1.92188 0.146875 0.0137764 0.0135336 0.0800544 0.0107106 0.0863502 0.799662
1.92188 0.29375 0.0138214 0.0133176 0.0893122 0.0104697 0.0993087 0.776876
1.92188 0.440625 0.0140538 0.0130435 0.103558 0.0101612 0.120205 0.740622
1.92188 0.5875 0.0146775 0.0127773 0.122787 0.00989331 0.150436 0.689215
1.92188 0.734375 0.0159604 0.0126573 0.146236 0.00991102 0.191138 0.621836
1.92188 0.88125 0.0181981 0.012948 0.171837 0.0107255 0.242396 0.539759
1.92188 1.02812 0.0217195 0.0143474 0.195774 0.0133869 0.30227 0.447104
1.92188 1.175 0.0270041 0.0187538 0.212433 0.0200376 0.365622 0.350418
1.92188 1.32188 0.0350385 0.0320372 0.214501 0.0347289 0.421871 0.256573
1.92188 1.46875 0.0472665 0.0728584 0.19327 0.0619576 0.449224 0.170404
1.92188 1.61563 0.0617595 0.199886 0.139573 0.0941828 0.402702 0.0931176
1.92188 1.7625 0.0581171 0.500678 0.0609011 0.0907779 0.237806 0.0313251
1.92188 1.90938 0.0321226 0.750407 0.0167978 0.0583861 0.0981194 0.0066417
1.92188 2.05625 0.0164775 0.833438 0.00520211 0.04092 0.0448277 0.00156608
1.92188 2.20312 0.0108478 0.851619 0.00256337 0.0351027 0.0274394 0.000625134
1.92188 2.35 0.0108478 0.85162 0.00256335 0.0351025 0.0274393 0.00062513
1.92188 2.49688 0.0164774 0.833438 0.00520199 0.0409194 0.0448273 0.00156605
1.92188 2.64375 0.0321223 0.75041 0.0167972 0.0583849 0.0981181 0.00664154
1.92188 2.79062 0.058117 0.500685 0.060899 0.0907763 0.237803 0.0313244
1.92188 2.9375 0.0617601 0.19989 0.13957 0.0941826 0.402701 0.0931167
1.92188 3.08438 0.0472671 0.0728597 0.193267 0.0619582 0.449225 0.170403
1.92188 3.23125 0.0350389 0.0320375 0.214498 0.0347293 0.421873 0.256573
1.92188 3.37813 0.0270044 0.0187538 0.212431 0.0200378 0.365624 0.350417
1.92188 3.525 0.0217198 0.0143474 0.195772 0.0133871 0.302271 0.447104
1.92188 3.67188 0.0181983 0.0129479 0.171836 0.0107256 0.242397 0.539759
1.92188 3.81875 0.0159605 0.0126573 0.146235 0.00991105 0.191139 0.621836
1.92188 3.96563 0.0146776 0.0127773 0.122786 0.00989332 0.150436 0.689215
1.92188 4.1125 0.0140538 0.0130435 0.103557 0.0101612 0.120206 0.740623
1.92188 4.25938 0.0138214 0.0133175 0.0893118 0.0104697 0.0993089 0.776876
1.92188 4.40625 0.0137765 0.0135336 0.0800541 0.0107106 0.0863503 0.799662
1.92188 4.55313 0.0137855 0.0136495 0.0755275 0.0108387 0.0801832 0.810591
2.05 0 0.0137919 0.0136663 0.0750825 0.0108552 0.0795075 0.811775
2.05 0.146875 0.0137766 0.0135519 0.0795744 0.0107274 0.0855333 0.801039
2.05 0.29375 0.0138059 0.0133406 0.0887771 0.0104859 0.0981889 0.778648
2.05 0.440625 0.0140065 0.0130732 0.102985 0.0101731 0.118584 0.743
2.05 0.5875 0.014573 0.0128197 0.122264 0.00988982 0.148063 0.692396
2.05 0.734375 0.0157612 0.0127109 0.145973 0.00986376 0.187721 0.625969
2.05 0.88125 0.0178541 0.0130003 0.172221 0.0105679 0.237623 0.544888
2.05 1.02812 0.0211618 0.0143035 0.197427 0.0129708 0.295902 0.453139
2.05 1.175 0.0261185 0.0182712 0.216243 0.019063 0.357686 0.357184
2.05 1.32188 0.033599 0.0297968 0.221667 0.032787 0.413283 0.263937
2.05 1.46875 0.0449635 0.0638798 0.205278 0.0594995 0.443558 0.178437
2.05 1.61563 0.0594364 0.165519 0.158228 0.0963613 0.411501 0.102537
2.05 1.7625 0.0625212 0.418164 0.0821988 0.109066 0.273448 0.040302
2.05 1.90938 0.0405563 0.692115 0.0268455 0.0804826 0.123288 0.00991453
2.05 2.05625 0.0229902 0.805584 0.00921388 0.0594805 0.058052 0.00255093
2.05 2.20312 0.0160181 0.836332 0.0048176 0.0517567 0.036487 0.00107511
2.05 2.35 0.016018 0.836332 0.00481756 0.0517566 0.0364869 0.00107511
2.05 2.49688 0.02299 0.805585 0.00921368 0.05948 0.0580515 0.00255089
2.05 2.64375 0.040556 0.692119 0.0268447 0.0804816 0.123286 0.00991429
2.05 2.79062 0.0625213 0.41817 0.0821966 0.109065 0.273446 0.0403012
2.05 2.9375 0.059437 0.165523 0.158225 0.0963617 0.4115 0.102536
2.05 3.08438 0.0449641 0.0638809 0.205275 0.0595002 0.443559 0.178436
2.05 3.23125 0.0335994 0.0297971 0.221665 0.0327875 0.413285 0.263936
2.05 3.37813 0.0261188 0.0182712 0.216241 0.0190633 0.357688 0.357183
2.05 3.525 0.021162 0.0143035 0.197425 0.0129709 0.295904 0.453139
2.05 3.67188 0.0178543 0.0130003 0.17222 0.010568 0.237624 0.544888
2.05 3.81875 0.0157613 0.0127109 0.145972 0.0098638 0.187722 0.625969
2.05 3.96563 0.014573 0.0128197 0.122263 0.00988984 0.148064 0.692396
2.05 4.1125 0.0140065 0.0130732 0.102985 0.0101732 0.118585 0.743
2.05 4.25938 0.0138059 0.0133406 0.0887768 0.0104859 0.0981892 0.778648
2.05 4.40625 0.0137766 0.0135519 0.0795742 0.0107274 0.0855335 0.801039
2.05 4.55313 0.0137919 0.0136663 0.0750823 0.0108552 0.0795076 0.811775
2.17813 0 0.0137919 0.0136864 0.0747696 0.0108715 0.0785972 0.813067
2.17813 0.146875 0.0137653 0.0135764 0.0792775 0.0107435 0.0844085 0.80255
2.17813 0.29375 0.0137668 0.0133762 0.0885411 0.0105003 0.0965982 0.780606
2.17813 0.440625 0.0139117 0.0131286 0.102922 0.01018 0.116203 0.745651
2.17813 0.5875 0.0143787 0.0129102 0.122606 0.00987351 0.144463 0.695985
2.17813 0.734375 0.0154025 0.0128482 0.147146 0.00978419 0.182359 0.630703
2.17813 0.88125 0.0172466 0.0131798 0.174915 0.0103329 0.229869 0.550869
2.17813 1.02812 0.0201967 0.0144178 0.202664 0.0123789 0.285151 0.460346
2.17813 1.175 0.0246428 0.0178776 0.225395 0.0177281 0.343643 0.365496
2.17813 1.32188 0.0313453 0.0272209 0.236445 0.0302329 0.396749 0.273268
2.17813 1.46875 0.0415798 0.0529862 0.227565 0.0564467 0.428584 0.188856
2.17813 1.61563 0.0556989 0.124093 0.190049 0.0994985 0.411472 0.114836
2.17813 1.7625 0.0663647 0.298966 0.121922 0.137415 0.313313 0.0541463
2.17813 1.90938 0.0567071 0.558135 0.0535361 0.12962 0.170093 0.0173909
2.17813 2.05625 0.0393052 0.717908 0.0219755 0.105913 0.086184 0.00524619
2.17813 2.20312 0.0304785 0.773036 0.0126129 0.0945359 0.0561652 0.00241582
2.17813 2.35 0.0304784 0.773036 0.0126128 0.0945358 0.056165 0.0024158
2.17813 2.49688 0.039305 0.71791 0.0219751 0.105912 0.0861832 0.0052461
2.17813 2.64375 0.0567068 0.558139 0.0535348 0.129619 0.170091 0.0173905
2.17813 2.79062 0.066365 0.298971 0.12192 0.137415 0.313311 0.0541454
2.17813 2.9375 0.0556994 0.124096 0.190046 0.0994994 0.411472 0.114835
2.17813 3.08438 0.0415803 0.0529871 0.227563 0.0564476 0.428585 0.188855
2.17813 3.23125 0.0313457 0.0272212 0.236443 0.0302334 0.39675 0.273267
2.17813 3.37813 0.0246431 0.0178777 0.225394 0.0177284 0.343644 0.365496
2.17813 3.525 0.0201969 0.0144178 0.202663 0.012379 0.285153 0.460345
2.17813 3.67188 0.0172467 0.0131798 0.174914 0.0103329 0.229871 0.550869
2.17813 3.81875 0.0154026 0.0128482 0.147145 0.00978422 0.18236 0.630702
2.17813 3.96563 0.0143787 0.0129102 0.122606 0.00987352 0.144464 0.695985
2.17813 4.1125 0.0139118 0.0131286 0.102922 0.01018 0.116203 0.745651
2.17813 4.25938 0.0137668 0.0133762 0.0885409 0.0105003 0.0965984 0.780606
2.17813 4.40625 0.0137653 0.0135764 0.0792774 0.0107435 0.0844087 0.80255
2.17813 4.55313 0.0137919 0.0136864 0.0747695 0.0108715 0.0785973 0.813067
2.30625 0 0.0137853 0.0137075 0.0746282 0.0108856 0.0775447 0.81433
2.30625 0.146875 0.0137437 0.0136047 0.0792076 0.010757 0.0830918 0.804024
2.30625 0.29375 0.0137085 0.0134218 0.0886559 0.0105114 0.0947038 0.782515
2.30625 0.440625 0.0137806 0.0132077 0.103429 0.0101824 0.113315 0.748236
2.30625 0.5875 0.0141178 0.0130476 0.123875 0.00985081 0.14002 0.699489
2.30625 0.734375 0.0149291 0.0130735 0.149799 0.00969536 0.175614 0.635338
2.30625 0.88125 0.0164548 0.0135057 0.179908 0.0100851 0.219915 0.556755
2.30625 1.02812 0.018964 0.0147614 0.21135 0.0117739 0.271012 0.467484
2.30625 1.175 0.0228354 0.0178163 0.239516 0.0163982 0.324574 0.373792
2.30625 1.32188 0.0288083 0.0251834 0.258032 0.0277332 0.372966 0.282635
2.30625 1.46875 0.0382508 0.0434827 0.258608 0.0533684 0.40318 0.199293
2.30625 1.61563 0.0525792 0.0887356 0.232105 0.101549 0.395063 0.126788
2.30625 1.7625 0.0697745 0.190331 0.175299 0.163283 0.329696 0.068239
2.30625 1.90938 0.0792867 0.361213 0.1052 0.198931 0.221189 0.029143
2.30625 2.05625 0.0746389 0.523598 0.0561974 0.194093 0.131689 0.0112664
2.30625 2.20312 0.0680886 0.602765 0.0365265 0.183181 0.0915709 0.00586623
2.30625 2.35 0.0680885 0.602766 0.0365263 0.18318 0.0915707 0.00586619
2.30625 2.49688 0.0746387 0.5236 0.0561967 0.194092 0.131688 0.0112662
2.30625 2.64375 0.0792868 0.361217 0.105199 0.198931 0.221187 0.0291426
2.30625 2.79062 0.069775 0.190333 0.175296 0.163284 0.329694 0.0682383
2.30625 2.9375 0.0525797 0.088737 0.232103 0.10155 0.395063 0.126787
2.30625 3.08438 0.0382512 0.0434832 0.258606 0.0533692 0.403181 0.199292
2.30625 3.23125 0.0288086 0.0251836 0.25803 0.0277336 0.372968 0.282635
2.30625 3.37813 0.0228356 0.0178164 0.239515 0.0163984 0.324576 0.373791
2.30625 3.525 0.0189641 0.0147614 0.211349 0.011774 0.271013 0.467483
2.30625 3.67188 0.016455 0.0135057 0.179907 0.0100851 0.219916 0.556754
2.30625 3.81875 0.0149291 0.0130734 0.149798 0.00969538 0.175615 0.635337
2.30625 3.96563 0.0141179 0.0130476 0.123875 0.00985082 0.14002 0.699489
2.30625 4.1125 0.0137807 0.0132077 0.103429 0.0101824 0.113316 0.748236
2.30625 4.25938 0.0137085 0.0134218 0.0886557 0.0105114 0.0947041 0.782515
2.30625 4.40625 0.0137437 0.0136047 0.0792075 0.010757 0.083092 0.804024
2.30625 4.55313 0.0137853 0.0137075 0.0746281 0.0108856 0.0775448 0.81433
2.43438 0 0.0137723 0.0137274 0.0746732 0.0108957 0.0764556 0.815436
2.43438 0.146875 0.0137137 0.0136338 0.0793765 0.0107663 0.0817179 0.805307
2.43438 0.29375 0.013637 0.0134736 0.0891247 0.010518 0.0927034 0.78416
2.43438 0.440625 0.0136275 0.0133046 0.104488 0.0101809 0.110227 0.750441
2.43438 0.5875 0.01382 0.013224 0.12601 0.00982776 0.135206 0.70245
2.43438 0.734375 0.0143963 0.0133759 0.153782 0.00961841 0.168206 0.639219
2.43438 0.88125 0.0155756 0.0139715 0.186894 0.00988282 0.208807 0.56164
2.43438 1.02812 0.0176265 0.0153534 0.222913 0.0112976 0.254932 0.473349
2.43438 1.175 0.0209743 0.0182172 0.257612 0.015374 0.302326 0.380524
2.43438 1.32188 0.02651 0.0241931 0.284793 0.0258034 0.344005 0.290114
2.43438 1.46875 0.0361004 0.0371382 0.295806 0.0507329 0.369039 0.207433
2.43438 1.61563 0.0527849 0.0650554 0.280165 0.10142 0.362214 0.135638
2.43438 1.7625 0.0789346 0.119691 0.232711 0.17688 0.312487 0.0780293
2.43438 1.90938 0.110661 0.204644 0.166609 0.24694 0.232495 0.03882
2.43438 2.05625 0.135947 0.294417 0.110424 0.281439 0.159556 0.0183806
2.43438 2.20312 0.14766 0.348714 0.0818425 0.289139 0.120844 0.0108838
2.43438 2.35 0.14766 0.348715 0.0818422 0.289139 0.120843 0.0108837
2.43438 2.49688 0.135947 0.294418 0.110423 0.281439 0.159555 0.0183804
2.43438 2.64375 0.110661 0.204646 0.166607 0.246941 0.232494 0.0388196
2.43438 2.79062 0.0789351 0.119692 0.232709 0.176882 0.312486 0.0780287
2.43438 2.9375 0.0527854 0.0650562 0.280163 0.101421 0.362214 0.135637
2.43438 3.08438 0.0361007 0.0371385 0.295805 0.0507336 0.36904 0.207432
2.43438 3.23125 0.0265103 0.0241932 0.284792 0.0258037 0.344006 0.290113
2.43438 3.37813 0.0209744 0.0182172 0.257611 0.0153742 0.302327 0.380524
2.43438 3.525 0.0176266 0.0153534 0.222912 0.0112976 0.254933 0.473348
2.43438 3.67188 0.0155757 0.0139715 0.186893 0.00988286 0.208808 0.56164
2.43438 3.81875 0.0143963 0.0133759 0.153782 0.00961843 0.168206 0.639219
2.43438 3.96563 0.0138201 0.013224 0.12601 0.00982777 0.135206 0.70245
2.43438 4.1125 0.0136275 0.0133046 0.104488 0.0101809 0.110228 0.750441
2.43438 4.25938 0.013637 0.0134736 0.0891246 0.010518 0.0927036 0.78416
2.43438 4.40625 0.0137137 0.0136338 0.0793765 0.0107663 0.0817181 0.805307
2.43438 4.55313 0.0137723 0.0137274 0.0746732 0.0108957 0.0764558 0.815435
2.5625 0 0.0137536 0.0137433 0.0748948 0.0109004 0.0754364 0.816283
2.5625 0.146875 0.0136776 0.0136603 0.0797645 0.01077 0.0804235 0.806275
2.5625 0.29375 0.0135587 0.0135261 0.0899035 0.0105189 0.0907999 0.785371
2.5625 0.440625 0.0134672 0.0134095 0.106008 0.0101754 0.107259 0.752021
2.5625 0.5875 0.0135155 0.0134235 0.12883 0.00980767 0.130525 0.704512
2.5625 0.734375 0.01386 0.0137291 0.158767 0.00956595 0.160914 0.641839
2.5625 0.88125 0.0147047 0.0145399 0.195289 0.00976123 0.197721 0.564826
2.5625 1.02812 0.016338 0.0161504 0.236374 0.0110331 0.238619 0.477016
2.5625 1.175 0.0192991 0.0190641 0.278106 0.0148239 0.279266 0.384518
2.5625 1.32188 0.0248431 0.0243389 0.314293 0.0247202 0.313017 0.294267
2.5625 1.46875 0.0359516 0.0342126 0.335499 0.0488689 0.330225 0.211594
2.5625 1.61563 0.0588154 0.0525515 0.328748 0.0991826 0.318579 0.139612
2.5625 1.7625 0.102752 0.0831267 0.284637 0.176517 0.27073 0.0815126
2.5625 1.90938 0.171882 0.122906 0.213785 0.252001 0.19933 0.0414519
2.5625 2.05625 0.248345 0.157385 0.148102 0.292605 0.135595 0.0200518
2.5625 2.20312 0.297433 0.174524 0.112509 0.303178 0.10183 0.0119926
2.5625 2.35 0.297433 0.174525 0.112509 0.303178 0.10183 0.0119925
2.5625 2.49688 0.248346 0.157385 0.148101 0.292606 0.135594 0.0200517
2.5625 2.64375 0.171882 0.122907 0.213784 0.252002 0.199329 0.0414515
2.5625 2.79062 0.102753 0.0831274 0.284635 0.176518 0.27073 0.0815121
2.5625 2.9375 0.0588159 0.0525519 0.328747 0.0991836 0.31858 0.139611
2.5625 3.08438 0.0359519 0.0342128 0.335498 0.0488694 0.330226 0.211593
2.5625 3.23125 0.0248433 0.024339 0.314292 0.0247205 0.313018 0.294266
2.5625 3.37813 0.0192992 0.0190641 0.278105 0.014824 0.279267 0.384517
2.5625 3.525 0.0163381 0.0161504 0.236374 0.0110332 0.238619 0.477016
2.5625 3.67188 0.0147048 0.0145399 0.195289 0.00976125 0.197722 0.564825
2.5625 3.81875 0.01386 0.0137291 0.158767 0.00956597 0.160915 0.641839
2.5625 3.96563 0.0135155 0.0134235 0.12883 0.00980768 0.130526 0.704511
2.5625 4.1125 0.0134672 0.0134095 0.106008 0.0101754 0.107259 0.752021
2.5625 4.25938 0.0135587 0.0135261 0.0899035 0.0105189 0.0908001 0.785371
2.5625 4.40625 0.0136776 0.0136603 0.0797645 0.01077 0.0804237 0.806274
2.5625 4.55313 0.0137536 0.0137433 0.0748948 0.0109004 0.0754365 0.816283
2.69063 0 0.0137301 0.0137529 0.0752614 0.0108985 0.0745816 0.816807
2.69063 0.146875 0.0136377 0.0136804 0.0803245 0.0107669 0.0793309 0.806849
2.69063 0.29375 0.0134798 0.0135726 0.0909088 0.0105131 0.0891773 0.786043
2.69063 0.440625 0.0133127 0.01351 0.107837 0.0101649 0.104701 0.752826
2.69063 0.5875 0.0132305 0.0136232 0.132065 0.00979001 0.126445 0.705464
2.69063 0.734375 0.0133675 0.0140933 0.164279 0.00953877 0.154477 0.642913
2.69063 0.88125 0.0139217 0.0151456 0.2043 0.00972411 0.187794 0.565939
2.69063 1.02812 0.015218 0.0170523 0.250448 0.0109894 0.223777 0.478025
2.69063 1.175 0.0179706 0.0202115 0.299001 0.0147634 0.257889 0.385241
2.69063 1.32188 0.0239984 0.025384 0.343559 0.0245116 0.283568 0.294521
2.69063 1.46875 0.0381295 0.0340477 0.373394 0.0478783 0.291863 0.211207
2.69063 1.61563 0.072236 0.0482366 0.371639 0.0952818 0.271992 0.138246
2.69063 1.7625 0.149845 0.0679844 0.321072 0.163634 0.217772 0.078371
2.69063 1.90938 0.291622 0.0852399 0.227895 0.215837 0.142105 0.0363081
2.69063 2.05625 0.4523 0.0881283 0.14039 0.221293 0.0805725 0.0148825
2.69063 2.20312 0.544016 0.0835 0.097233 0.209876 0.0528689 0.00780529
2.69063 2.35 0.544017 0.0835001 0.0972328 0.209876 0.0528688 0.00780527
2.69063 2.49688 0.452301 0.0881285 0.140389 0.221294 0.0805722 0.0148824
2.69063 2.64375 0.291623 0.0852402 0.227894 0.215837 0.142105 0.0363078
2.69063 2.79062 0.149846 0.0679847 0.321071 0.163635 0.217772 0.0783707
2.69063 2.9375 0.0722365 0.0482368 0.371637 0.0952825 0.271992 0.138245
2.69063 3.08438 0.0381297 0.0340478 0.373393 0.0478787 0.291863 0.211206
2.69063 3.23125 0.0239986 0.025384 0.343558 0.0245117 0.283568 0.294521
2.69063 3.37813 0.0179707 0.0202115 0.299001 0.0147635 0.257889 0.38524
2.69063 3.525 0.0152181 0.0170524 0.250448 0.0109894 0.223778 0.478025
2.69063 3.67188 0.0139218 0.0151456 0.2043 0.00972413 0.187794 0.565939
2.69063 3.81875 0.0133676 0.0140933 0.164279 0.00953877 0.154477 0.642913
2.69063 3.96563 0.0132305 0.0136232 0.132065 0.00979001 0.126445 0.705464
2.69063 4.1125 0.0133127 0.01351 0.107836 0.0101649 0.104701 0.752826
2.69063 4.25938 0.0134798 0.0135726 0.0909088 0.0105131 0.0891775 0.786043
2.69063 4.40625 0.0136377 0.0136804 0.0803245 0.0107669 0.079331 0.806849
2.69063 4.55313 0.0137301 0.0137529 0.0752614 0.0108985 0.0745817 0.816807
2.81875 0 0.0137027 0.0137542 0.0757259 0.0108897 0.0739633 0.816981
2.81875 0.146875 0.013596 0.0136907 0.0809906 0.0107564 0.078534 0.807001
2.81875 0.29375 0.0134048 0.0136063 0.0920312 0.0104996 0.087979 0.786141
2.81875 0.440625 0.0131738 0.0135926 0.109786 0.0101477 0.102784 0.752817
2.81875 0.5875 0.012984 0.0137968 0.135388 0.00977064 0.123339 0.705266
2.81875 0.734375 0.0129524 0.0144211 0.169773 0.00952659 0.149492 0.642406
2.81875 0.88125 0.0132798 0.0157062 0.213032 0.00974566 0.179968 0.564977
2.81875 1.02812 0.014337 0.0179227 0.26373 0.011106 0.211857 0.476445
2.81875 1.175 0.0170489 0.0214294 0.318187 0.015068 0.240377 0.382891
2.81875 1.32188 0.0239259 0.0268957 0.369584 0.0249848 0.2589 0.291277
2.81875 1.46875 0.0422594 0.0355836 0.405447 0.0476484 0.258782 0.206952
2.81875 1.61563 0.0924595 0.0488026 0.403514 0.0903128 0.229863 0.132528
2.81875 1.7625 0.22271 0.0635269 0.333621 0.141298 0.165576 0.0697824
2.81875 1.90938 0.465776 0.0642315 0.200453 0.152682 0.0839941 0.0259131
2.81875 2.05625 0.667765 0.0487003 0.100722 0.126559 0.0353056 0.00801908
2.81875 2.20312 0.746842 0.038311 0.0630338 0.109741 0.0196946 0.003581
2.81875 2.35 0.746842 0.038311 0.0630337 0.109741 0.0196946 0.00358099
2.81875 2.49688 0.667765 0.0487003 0.100721 0.126559 0.0353055 0.00801904
2.81875 2.64375 0.465777 0.0642315 0.200452 0.152683 0.0839938 0.025913
2.81875 2.79062 0.222711 0.063527 0.33362 0.141299 0.165576 0.0697821
2.81875 2.9375 0.09246 0.0488027 0.403513 0.0903133 0.229863 0.132528
2.81875 3.08438 0.0422596 0.0355837 0.405446 0.0476487 0.258782 0.206952
2.81875 3.23125 0.023926 0.0268957 0.369584 0.024985 0.258901 0.291276
2.81875 3.37813 0.017049 0.0214294 0.318186 0.0150681 0.240378 0.382891
2.81875 3.525 0.0143371 0.0179227 0.263729 0.011106 0.211857 0.476445
2.81875 3.67188 0.0132798 0.0157062 0.213032 0.00974567 0.179969 0.564977
2.81875 3.81875 0.0129524 0.0144211 0.169773 0.0095266 0.149493 0.642406
2.81875 3.96563 0.012984 0.0137968 0.135388 0.00977064 0.123339 0.705265
2.81875 4.1125 0.0131738 0.0135926 0.109786 0.0101477 0.102784 0.752817
2.81875 4.25938 0.0134048 0.0136063 0.0920312 0.0104996 0.0879792 0.786141
2.81875 4.40625 0.013596 0.0136907 0.0809906 0.0107564 0.0785341 0.807
2.81875 4.55313 0.0137027 0.0137542 0.0757259 0.0108897 0.0739634 0.816981
2.94688 0 0.0136726 0.0137457 0.0762336 0.0108741 0.0736235 0.816818
2.94688 0.146875 0.0135543 0.0136886 0.0816889 0.0107387 0.0780891 0.806749
2.94688 0.29375 0.0133369 0.0136213 0.0931536 0.0104779 0.0872926 0.785699
2.94688 0.440625 0.0130568 0.0136446 0.111659 0.0101217 0.101653 0.752054
2.94688 0.5875 0.0127867 0.0139193 0.138474 0.00974355 0.121446 0.704025
2.94688 0.734375 0.0126325 0.0146657 0.174711 0.00951229 0.146354 0.640508
2.94688 0.88125 0.0128026 0.0161388 0.220635 0.0097808 0.174878 0.562259
2.94688 1.02812 0.0137144 0.0186184 0.274927 0.0112751 0.203859 0.472787
2.94688 1.175 0.0164937 0.0224639 0.333815 0.0155126 0.228284 0.378259
2.94688 1.32188 0.0243362 0.0283724 0.389936 0.0257742 0.241388 0.28569
2.94688 1.46875 0.0471355 0.0376647 0.4289 0.0479334 0.2346 0.200442
2.94688 1.61563 0.115274 0.0513326 0.422254 0.0854753 0.197841 0.12461
2.94688 1.7625 0.306362 0.062508 0.323708 0.116878 0.124252 0.0589518
2.94688 1.90938 0.613562 0.0494987 0.159174 0.0980975 0.0467634 0.0167885
2.94688 2.05625 0.782053 0.0294106 0.0705403 0.0697337 0.0155536 0.00421293
2.94688 2.20312 0.832129 0.0203141 0.0417032 0.057551 0.00765675 0.00166999
2.94688 2.35 0.832129 0.0203141 0.0417032 0.057551 0.00765674 0.00166999
2.94688 2.49688 0.782053 0.0294106 0.07054 0.0697337 0.0155536 0.00421291
2.94688 2.64375 0.613563 0.0494986 0.159174 0.0980975 0.0467632 0.0167885
2.94688 2.79062 0.306363 0.062508 0.323707 0.116878 0.124252 0.0589516
2.94688 2.9375 0.115275 0.0513326 0.422254 0.0854756 0.197841 0.12461
2.94688 3.08438 0.0471357 0.0376648 0.4289 0.0479336 0.2346 0.200442
2.94688 3.23125 0.0243363 0.0283724 0.389936 0.0257743 0.241388 0.28569
2.94688 3.37813 0.0164937 0.0224639 0.333814 0.0155126 0.228284 0.378259
2.94688 3.525 0.0137144 0.0186184 0.274927 0.0112751 0.20386 0.472787
2.94688 3.67188 0.0128026 0.0161388 0.220634 0.00978081 0.174878 0.562259
2.94688 3.81875 0.0126325 0.0146657 0.174711 0.00951229 0.146354 0.640508
2.94688 3.96563 0.0127867 0.0139193 0.138474 0.00974356 0.121447 0.704025
2.94688 4.1125 0.0130568 0.0136446 0.111659 0.0101217 0.101653 0.752054
2.94688 4.25938 0.0133369 0.0136213 0.0931536 0.0104779 0.0872927 0.785699
2.94688 4.40625 0.0135543 0.0136886 0.0816889 0.0107387 0.0780891 0.806749
2.94688 4.55313 0.0136726 0.0137457 0.0762336 0.0108741 0.0736236 0.816818
3.075 0 0.0136407 0.0137272 0.0767316 0.0108524 0.0735708 0.816365
3.075 0.146875 0.0135139 0.0136729 0.0823498 0.0107144 0.0780088 0.806155
3.075 0.29375 0.0132777 0.0136137 0.0941696 0.0104484 0.0871418 0.784807
3.075 0.440625 0.0129642 0.0136571 0.113285 0.010086 0.101353 0.750679
3.075 0.5875 0.0126415 0.0139722 0.141044 0.00970327 0.120851 0.701966
3.075 0.734375 0.0124114 0.0147912 0.178656 0.00947807 0.145211 0.637567
3.075 0.88125 0.0124883 0.0163784 0.226441 0.00978117 0.172786 0.558308
3.075 1.02812 0.0133265 0.0190238 0.28308 0.0113773 0.200237 0.467818
3.075 1.175 0.0161912 0.0231008 0.344621 0.0158365 0.222371 0.37242
3.075 1.32188 0.0247788 0.0293697 0.403201 0.0264226 0.232283 0.279224
3.075 1.46875 0.0509447 0.0392796 0.442889 0.0483829 0.221353 0.193591
3.075 1.61563 0.133097 0.0536308 0.430141 0.0823533 0.179328 0.117116
3.075 1.7625 0.369249 0.0618563 0.306766 0.10005 0.100151 0.0502141
3.075 1.90938 0.687047 0.0413899 0.133004 0.0702396 0.0308181 0.011969
3.075 2.05625 0.821925 0.0216826 0.055816 0.045586 0.00893423 0.00266952
3.075 2.20312 0.855584 0.0139198 0.0317536 0.0362305 0.00402762 0.000975077
3.075 2.35 0.855584 0.0139198 0.0317536 0.0362305 0.00402761 0.000975076
3.075 2.49688 0.821925 0.0216826 0.0558159 0.045586 0.00893421 0.00266951
3.075 2.64375 0.687047 0.0413898 0.133004 0.0702396 0.0308181 0.011969
3.075 2.79062 0.369249 0.0618563 0.306766 0.10005 0.100151 0.050214
3.075 2.9375 0.133097 0.0536309 0.430141 0.0823534 0.179328 0.117116
3.075 3.08438 0.0509448 0.0392796 0.442889 0.0483829 0.221353 0.193591
3.075 3.23125 0.0247789 0.0293697 0.403201 0.0264226 0.232283 0.279224
3.075 3.37813 0.0161913 0.0231008 0.344621 0.0158365 0.222371 0.37242
3.075 3.525 0.0133265 0.0190238 0.28308 0.0113773 0.200237 0.467818
3.075 3.67188 0.0124883 0.0163784 0.226441 0.00978117 0.172786 0.558308
3.075 3.81875 0.0124114 0.0147912 0.178656 0.00947807 0.145211 0.637567
3.075 3.96563 0.0126416 0.0139722 0.141044 0.00970327 0.120851 0.701966
3.075 4.1125 0.0129642 0.0136571 0.113285 0.010086 0.101353 0.750679
3.075 4.25938 0.0132777 0.0136137 0.0941696 0.0104484 0.0871418 0.784807
3.075 4.40625 0.0135139 0.0136729 0.0823498 0.0107144 0.0780088 0.806155
3.075 4.55313 0.0136407 0.0137272 0.0767316 0.0108524 0.0735708 0.816365
3.20313 0 0.0136084 0.0136996 0.0771761 0.0108261 0.0737798 0.815696
3.20313 0.146875 0.013476 0.013644 0.082918 0.0106849 0.0782632 0.805309
3.20313 0.29375 0.013228 0.0135831 0.0949998 0.0104124 0.0874862 0.783594
3.20313 0.440625 0.0128957 0.0136269 0.114542 0.0100408 0.101826 0.748886
3.20313 0.5875 0.012546 0.0139475 0.142917 0.00964702 0.121475 0.699376
3.20313 0.734375 0.0122807 0.0147809 0.181338 0.00941195 0.145966 0.634003
3.20313 0.88125 0.0123173 0.0163938 0.230081 0.00971146 0.173579 0.553715
3.20313 1.02812 0.0131232 0.0190798 0.287714 0.0113208 0.200882 0.462335
3.20313 1.175 0.0160048 0.0232215 0.350103 0.0158262 0.222589 0.366403
3.20313 1.32188 0.0248073 0.0296174 0.409104 0.0265067 0.231712 0.273167
3.20313 1.46875 0.0519767 0.0397956 0.448196 0.0485072 0.219542 0.187974
3.20313 1.61563 0.138414 0.0545279 0.432098 0.0817484 0.175609 0.112191
3.20313 1.7625 0.387164 0.061894 0.299712 0.0959949 0.0943215 0.0462684
3.20313 1.90938 0.702054 0.0396027 0.125201 0.0644232 0.0274068 0.0104186
3.20313 2.05625 0.82679 0.0201348 0.0514027 0.040968 0.00760469 0.0022225
3.20313 2.20312 0.856018 0.0126858 0.0285323 0.0323168 0.00330691 0.00078125
3.20313 2.35 0.856018 0.0126858 0.0285323 0.0323168 0.00330691 0.00078125
3.20313 2.49688 0.82679 0.0201348 0.0514027 0.040968 0.00760469 0.0022225
3.20313 2.64375 0.702054 0.0396027 0.125201 0.0644232 0.0274068 0.0104186
3.20313 2.79062 0.387164 0.061894 0.299712 0.0959949 0.0943215 0.0462684
3.20313 2.9375 0.138414 0.0545278 0.432098 0.0817484 0.175609 0.112191
3.20313 3.08438 0.0519767 0.0397956 0.448196 0.0485072 0.219542 0.187974
3.20313 3.23125 0.0248073 0.0296174 0.409104 0.0265067 0.231712 0.273167
3.20313 3.37813 0.0160048 0.0232215 0.350102 0.0158262 0.222589 0.366403
3.20313 3.525 0.0131232 0.0190798 0.287714 0.0113208 0.200882 0.462335
3.20313 3.67188 0.0123173 0.0163938 0.230081 0.00971146 0.173579 0.553715
3.20313 3.81875 0.0122807 0.0147809 0.181338 0.00941195 0.145966 0.634003
3.20313 3.96563 0.012546 0.0139475 0.142916 0.00964702 0.121475 0.699376
3.20313 4.1125 0.0128957 0.013627 0.114542 0.0100408 0.101827 0.748886
3.20313 4.25938 0.013228 0.0135831 0.0949998 0.0104124 0.0874863 0.783594
3.20313 4.40625 0.013476 0.013644 0.082918 0.0106849 0.0782632 0.805309
3.20313 4.55313 0.0136084 0.0136996 0.0771761 0.0108261 0.0737798 0.815696
3.33125 0 0.013577 0.0136651 0.0775384 0.0107972 0.074196 0.814896
3.33125 0.146875 0.0134415 0.0136043 0.0833602 0.0106522 0.078784 0.804317
3.33125 0.29375 0.0131878 0.0135325 0.0956027 0.0103721 0.0882284 0.782205
3.33125 0.440625 0.0128486 0.0135579 0.115378 0.0099882 0.102929 0.746885
3.33125 0.5875 0.0124931 0.0138506 0.144031 0.00957616 0.1231 0.696556
3.33125 0.734375 0.0122245 0.0146422 0.182701 0.00931199 0.148294 0.630232
3.33125 0.88125 0.0122595 0.0161953 0.231529 0.00956078 0.176796 0.549021
3.33125 1.02812 0.0130477 0.0187983 0.288904 0.0110713 0.205171 0.456995
3.33125 1.175 0.015827 0.0228315 0.350542 0.0153858 0.228143 0.360954
3.33125 1.32188 0.0241762 0.0290844 0.40835 0.0257689 0.238766 0.26831
3.33125 1.46875 0.0494992 0.0390848 0.446432 0.0477107 0.22832 0.184415
3.33125 1.61563 0.12843 0.0538278 0.431978 0.0827638 0.186252 0.110729
3.33125 1.7625 0.354632 0.0633333 0.309483 0.103937 0.106038 0.0475544
3.33125 1.90938 0.669328 0.0439847 0.135059 0.0762224 0.0335229 0.011403
3.33125 2.05625 0.808685 0.023652 0.0556838 0.051001 0.0097548 0.00250051
3.33125 2.20312 0.844392 0.0153919 0.0307688 0.0412948 0.0043301 0.00088779
3.33125 2.35 0.844392 0.0153919 0.0307689 0.0412948 0.0043301 0.000887791
3.33125 2.49688 0.808685 0.023652 0.0556839 0.051001 0.00975481 0.00250051
3.33125 2.64375 0.669328 0.0439848 0.13506 0.0762224 0.033523 0.011403
3.33125 2.79062 0.354631 0.0633333 0.309483 0.103937 0.106038 0.0475545
3.33125 2.9375 0.12843 0.0538278 0.431978 0.0827637 0.186252 0.110729
3.33125 3.08438 0.0494991 0.0390848 0.446432 0.0477107 0.22832 0.184415
3.33125 3.23125 0.0241761 0.0290844 0.40835 0.0257689 0.238766 0.268311
3.33125 3.37813 0.015827 0.0228315 0.350542 0.0153858 0.228143 0.360954
3.33125 3.525 0.0130477 0.0187983 0.288904 0.0110713 0.205171 0.456995
3.33125 3.67188 0.0122595 0.0161953 0.231529 0.00956078 0.176796 0.549021
3.33125 3.81875 0.0122245 0.0146422 0.182701 0.00931199 0.148294 0.630232
3.33125 3.96563 0.0124931 0.0138506 0.144031 0.00957616 0.1231 0.696556
3.33125 4.1125 0.0128486 0.0135579 0.115378 0.00998821 0.102929 0.746885
3.33125 4.25938 0.0131878 0.0135325 0.0956027 0.0103721 0.0882284 0.782205
3.33125 4.40625 0.0134415 0.0136043 0.0833602 0.0106522 0.078784 0.804317
3.33125 4.55313 0.013577 0.0136651 0.0775384 0.0107972 0.0741959 0.814896
3.45938 0 0.013548 0.0136271 0.0778069 0.0107679 0.0747426 0.814057
3.45938 0.146875 0.0134113 0.0135581 0.0836678 0.0106189 0.0794741 0.803289
3.45938 0.29375 0.0131565 0.0134681 0.0959779 0.0103305 0.089227 0.780789
3.45938 0.440625 0.0128195 0.0134607 0.115814 0.00993231 0.104442 0.744881
3.45938 0.5875 0.0124729 0.0136994 0.144453 0.0094962 0.125391 0.693787
3.45938 0.734375 0.0122236 0.0144056 0.182899 0.00918696 0.151691 0.626615
3.45938 0.88125 0.0122805 0.0158331 0.231108 0.00934487 0.181695 0.544653
3.45938 1.02812 0.013052 0.0182587 0.287239 0.0106593 0.212048 0.452246
3.45938 1.175 0.0156125 0.0220518 0.346922 0.0145632 0.237596 0.356457
3.45938 1.32188 0.0229496 0.0279589 0.402398 0.0242025 0.251594 0.264891
3.45938 1.46875 0.0441931 0.037454 0.439404 0.0454959 0.245536 0.182928
3.45938 1.61563 0.107059 0.0519247 0.430542 0.0830255 0.209103 0.112275
3.45938 1.7625 0.282553 0.0654568 0.33239 0.118414 0.13476 0.0531379
3.45938 1.90938 0.578741 0.0553113 0.16616 0.10557 0.0528483 0.015346
3.45938 2.05625 0.754879 0.0344096 0.0718365 0.0775342 0.0175549 0.00375334
3.45938 2.20312 0.809467 0.024252 0.0406086 0.0648854 0.00838206 0.00142037
3.45938 2.35 0.809467 0.024252 0.0406086 0.0648854 0.00838208 0.00142037
3.45938 2.49688 0.754879 0.0344096 0.0718367 0.0775342 0.017555 0.00375336
3.45938 2.64375 0.57874 0.0553113 0.16616 0.105571 0.0528485 0.0153461
3.45938 2.79062 0.282552 0.0654568 0.33239 0.118414 0.13476 0.053138
3.45938 2.9375 0.107059 0.0519247 0.430542 0.0830253 0.209103 0.112276
3.45938 3.08438 0.0441929 0.037454 0.439404 0.0454958 0.245535 0.182928
3.45938 3.23125 0.0229495 0.0279589 0.402398 0.0242024 0.251594 0.264892
3.45938 3.37813 0.0156125 0.0220518 0.346922 0.0145632 0.237596 0.356457
3.45938 3.525 0.013052 0.0182587 0.287239 0.0106593 0.212047 0.452246
3.45938 3.67188 0.0122805 0.0158331 0.231108 0.00934487 0.181695 0.544653
3.45938 3.81875 0.0122236 0.0144056 0.182899 0.00918696 0.151691 0.626615
3.45938 3.96563 0.0124729 0.0136994 0.144453 0.0094962 0.12539 0.693787
3.45938 4.1125 0.0128195 0.0134607 0.115814 0.00993231 0.104442 0.744882
3.45938 4.25938 0.0131565 0.0134681 0.0959778 0.0103305 0.0892269 0.78079
3.45938 4.40625 0.0134113 0.0135581 0.0836678 0.0106189 0.0794741 0.803289
3.45938 4.55313 0.013548 0.0136271 0.0778068 0.0107679 0.0747426 0.814057
3.5875 0 0.0135228 0.0135895 0.0779862 0.0107407 0.0753307 0.813267
3.5875 0.146875 0.0133863 0.0135109 0.0838544 0.0105879 0.0802199 0.802329
3.5875 0.29375 0.0131332 0.0133991 0.0961607 0.0102913 0.0903147 0.779483
3.5875 0.440625 0.0128041 0.0133511 0.115931 0.00987832 0.106106 0.743057
3.5875 0.5875 0.0124746 0.0135218 0.144352 0.00941572 0.127943 0.691304
3.5875 0.734375 0.0122571 0.0141192 0.182263 0.00905353 0.155534 0.623433
3.5875 0.88125 0.0123466 0.0153858 0.229409 0.00909918 0.187342 0.540908
3.5875 1.02812 0.0130998 0.0175864 0.283714 0.0101641 0.220149 0.44833
3.5875 1.175 0.0153762 0.0210772 0.340759 0.0135224 0.249015 0.353007
3.5875 1.32188 0.0214397 0.0265562 0.393274 0.0220617 0.267544 0.262735
3.5875 1.46875 0.0377495 0.0354308 0.429076 0.0418051 0.267734 0.182958
3.5875 1.61563 0.0823194 0.0494761 0.426874 0.0801641 0.239869 0.115569
3.5875 1.7625 0.198557 0.066732 0.3568 0.129884 0.176497 0.0608368
3.5875 1.90938 0.425484 0.0716659 0.218749 0.148451 0.092417 0.0229033
3.5875 2.05625 0.632161 0.0568413 0.10797 0.127347 0.0384949 0.00693567
3.5875 2.20312 0.71774 0.0452644 0.0645988 0.111433 0.0206088 0.00294714
3.5875 2.35 0.71774 0.0452645 0.0645989 0.111433 0.0206089 0.00294714
3.5875 2.49688 0.632161 0.0568414 0.10797 0.127347 0.038495 0.00693571
3.5875 2.64375 0.425483 0.071666 0.218749 0.148451 0.0924173 0.0229034
3.5875 2.79062 0.198556 0.0667319 0.356801 0.129883 0.176498 0.060837
3.5875 2.9375 0.0823191 0.049476 0.426874 0.0801639 0.239869 0.115569
3.5875 3.08438 0.0377494 0.0354307 0.429076 0.041805 0.267734 0.182958
3.5875 3.23125 0.0214397 0.0265561 0.393274 0.0220617 0.267544 0.262735
3.5875 3.37813 0.0153762 0.0210772 0.340759 0.0135224 0.249015 0.353008
3.5875 3.525 0.0130998 0.0175864 0.283714 0.0101641 0.220149 0.448331
3.5875 3.67188 0.0123466 0.0153858 0.229409 0.00909918 0.187342 0.540909
3.5875 3.81875 0.0122571 0.0141192 0.182263 0.00905353 0.155533 0.623434
3.5875 3.96563 0.0124746 0.0135218 0.144352 0.00941572 0.127943 0.691304
3.5875 4.1125 0.0128041 0.0133511 0.115931 0.00987832 0.106106 0.743057
3.5875 4.25938 0.0131332 0.0133991 0.0961607 0.0102914 0.0903146 0.779483
3.5875 4.40625 0.0133863 0.0135109 0.0838543 0.0105879 0.0802198 0.802329
3.5875 4.55313 0.0135228 0.0135895 0.0779861 0.0107407 0.0753306 0.813267
3.71563 0 0.0135026 0.0135565 0.0780924 0.0107178 0.0758699 0.812602
3.71563 0.146875 0.013367 0.0134686 0.0839488 0.0105618 0.0809057 0.801526
3.71563 0.29375 0.013117 0.0133353 0.0962108 0.0102581 0.0913195 0.7784
3.71563 0.440625 0.0127977 0.0132474 0.115851 0.00983179 0.107654 0.74156
3.71563 0.5875 0.0124877 0.0133499 0.143962 0.00934442 0.130333 0.68929
3.71563 0.734375 0.0123041 0.0138387 0.181226 0.00893148 0.159164 0.620891
3.71563 0.88125 0.0124278 0.0149445 0.227182 0.00886702 0.192735 0.537977
3.71563 1.02812 0.0131633 0.0169234 0.279545 0.00968428 0.227983 0.445358
3.71563 1.175 0.015162 0.020122 0.333865 0.0124832 0.260219 0.350543
3.71563 1.32188 0.0200223 0.0252051 0.383365 0.0197941 0.283471 0.261492
3.71563 1.46875 0.0319126 0.0335327 0.417806 0.0372755 0.290442 0.183745
3.71563 1.61563 0.0612888 0.0471696 0.421029 0.073795 0.272275 0.11926
3.71563 1.7625 0.130502 0.0667635 0.373134 0.131056 0.222 0.068202
3.71563 1.90938 0.265514 0.085167 0.271923 0.182804 0.147305 0.0320925
3.71563 2.05625 0.432442 0.0887243 0.166154 0.195075 0.0819041 0.0129691
3.71563 2.20312 0.533134 0.0832002 0.111004 0.187167 0.0514072 0.00652938
3.71563 2.35 0.533134 0.0832002 0.111004 0.187167 0.0514073 0.00652939
3.71563 2.49688 0.432441 0.0887243 0.166155 0.195075 0.0819044 0.0129691
3.71563 2.64375 0.265513 0.0851669 0.271923 0.182804 0.147305 0.0320927
3.71563 2.79062 0.130502 0.0667634 0.373135 0.131056 0.222 0.0682022
3.71563 2.9375 0.0612885 0.0471695 0.421029 0.0737947 0.272275 0.11926
3.71563 3.08438 0.0319125 0.0335327 0.417806 0.0372754 0.290441 0.183746
3.71563 3.23125 0.0200223 0.025205 0.383365 0.019794 0.28347 0.261492
3.71563 3.37813 0.015162 0.020122 0.333865 0.0124832 0.260218 0.350543
3.71563 3.525 0.0131633 0.0169234 0.279545 0.00968427 0.227983 0.445358
3.71563 3.67188 0.0124278 0.0149445 0.227181 0.00886702 0.192735 0.537977
3.71563 3.81875 0.0123041 0.0138387 0.181226 0.00893148 0.159164 0.620891
3.71563 3.96563 0.0124877 0.0133499 0.143962 0.00934442 0.130333 0.68929
3.71563 4.1125 0.0127977 0.0132474 0.115851 0.00983179 0.107653 0.74156
3.71563 4.25938 0.013117 0.0133353 0.0962107 0.0102581 0.0913194 0.7784
3.71563 4.40625 0.013367 0.0134686 0.0839487 0.0105618 0.0809056 0.801526
3.71563 4.55313 0.0135026 0.0135566 0.0780923 0.0107178 0.0758698 0.812603
3.84375 0 0.0134886 0.0135321 0.0781467 0.0107014 0.0762799 0.812124
3.84375 0.146875 0.0133539 0.0134369 0.0839858 0.0105429 0.0814282 0.80095
3.84375 0.29375 0.0131069 0.0132865 0.0961952 0.0102339 0.0920875 0.777628
3.84375 0.440625 0.012796 0.0131668 0.115705 0.00979768 0.108841 0.7405
3.84375 0.5875 0.0125026 0.0132148 0.14353 0.00929127 0.132175 0.687878
3.84375 0.734375 0.0123466 0.0136169 0.180228 0.00883895 0.161978 0.619126
3.84375 0.88125 0.0124985 0.0145948 0.225179 0.00868817 0.196941 0.535971
3.84375 1.02812 0.0132203 0.0163997 0.27594 0.00931022 0.234141 0.443366
3.84375 1.175 0.0150074 0.0193738 0.328038 0.0116574 0.269101 0.348961
3.84375 1.32188 0.018975 0.0241677 0.375075 0.017912 0.296239 0.260835
3.84375 1.46875 0.0277618 0.0321231 0.408246 0.0331218 0.308939 0.184626
3.84375 1.61563 0.0472558 0.0454951 0.414874 0.0662489 0.299226 0.122295
3.84375 1.7625 0.0883276 0.0663273 0.380659 0.123818 0.260398 0.0737376
3.84375 1.90938 0.16215 0.0921887 0.304701 0.1926 0.19719 0.0393536
3.84375 2.05625 0.257775 0.112797 0.21784 0.240303 0.133957 0.0195386
3.84375 2.20312 0.32697 0.121037 0.164295 0.256579 0.0978244 0.0115864
3.84375 2.35 0.32697 0.121036 0.164295 0.256579 0.0978245 0.0115864
3.84375 2.49688 0.257775 0.112797 0.217841 0.240302 0.133957 0.0195387
3.84375 2.64375 0.162149 0.0921885 0.304702 0.1926 0.197191 0.0393538
3.84375 2.79062 0.0883272 0.0663271 0.38066 0.123818 0.260398 0.0737378
3.84375 2.9375 0.0472556 0.045495 0.414874 0.0662486 0.299226 0.122295
3.84375 3.08438 0.0277617 0.032123 0.408246 0.0331216 0.308939 0.184626
3.84375 3.23125 0.018975 0.0241677 0.375075 0.0179119 0.296238 0.260836
3.84375 3.37813 0.0150073 0.0193738 0.328038 0.0116574 0.269101 0.348961
3.84375 3.525 0.0132203 0.0163996 0.27594 0.00931021 0.23414 0.443366
3.84375 3.67188 0.0124985 0.0145948 0.225178 0.00868817 0.196941 0.535972
3.84375 3.81875 0.0123466 0.0136169 0.180228 0.00883895 0.161977 0.619127
3.84375 3.96563 0.0125026 0.0132148 0.14353 0.00929127 0.132174 0.687878
3.84375 4.1125 0.012796 0.0131668 0.115704 0.00979768 0.10884 0.740501
3.84375 4.25938 0.0131069 0.0132865 0.0961951 0.0102339 0.0920874 0.777629
3.84375 4.40625 0.0133539 0.0134369 0.0839857 0.0105429 0.0814281 0.80095
3.84375 4.55313 0.0134886 0.0135321 0.0781466 0.0107014 0.0762798 0.812124
3.97188 0 0.0134814 0.0135191 0.0781682 0.0106927 0.0765009 0.811875
3.97188 0.146875 0.0133473 0.0134198 0.0839955 0.010533 0.0817102 0.80065
3.97188 0.29375 0.0131021 0.0132601 0.096171 0.0102212 0.0925026 0.777228
3.97188 0.440625 0.012796 0.0131228 0.115601 0.00977965 0.109484 0.739953
3.97188 0.5875 0.0125121 0.0131407 0.143257 0.00926294 0.133175 0.687151
3.97188 0.734375 0.0123713 0.0134948 0.179629 0.00878924 0.16351 0.618224
3.97188 0.88125 0.0125392 0.0144024 0.224008 0.0085914 0.199241 0.534954
3.97188 1.02812 0.0132537 0.0161121 0.273869 0.00910674 0.237521 0.442368
3.97188 1.175 0.0149287 0.0189659 0.324722 0.0112033 0.274001 0.348187
3.97188 1.32188 0.018432 0.0236105 0.370375 0.0168488 0.303324 0.260554
3.97188 1.46875 0.02567 0.0313867 0.402766 0.0306385 0.319298 0.185164
3.97188 1.61563 0.0405141 0.0446496 0.410947 0.0611709 0.314517 0.123983
3.97188 1.7625 0.0692631 0.0660451 0.383034 0.11664 0.282397 0.0766977
3.97188 1.90938 0.117169 0.0949966 0.318438 0.189756 0.226092 0.0431817
3.97188 2.05625 0.176827 0.123184 0.24239 0.252144 0.166498 0.0233389
3.97188 2.20312 0.220511 0.139332 0.193273 0.282766 0.130123 0.0149227
3.97188 2.35 0.220511 0.139332 0.193273 0.282766 0.130123 0.0149227
3.97188 2.49688 0.176826 0.123184 0.242391 0.252144 0.166499 0.023339
3.97188 2.64375 0.117169 0.0949964 0.318439 0.189755 0.226092 0.0431819
3.97188 2.79062 0.0692628 0.066045 0.383034 0.11664 0.282397 0.076698
3.97188 2.9375 0.0405139 0.0446494 0.410947 0.0611706 0.314517 0.123983
3.97188 3.08438 0.0256699 0.0313866 0.402766 0.0306384 0.319298 0.185165
3.97188 3.23125 0.0184319 0.0236105 0.370375 0.0168488 0.303324 0.260554
3.97188 3.37813 0.0149286 0.0189659 0.324722 0.0112033 0.274001 0.348188
3.97188 3.525 0.0132537 0.0161121 0.273869 0.00910673 0.237521 0.442368
3.97188 3.67188 0.0125392 0.0144024 0.224008 0.00859139 0.19924 0.534955
3.97188 3.81875 0.0123713 0.0134948 0.179629 0.00878924 0.16351 0.618225
3.97188 3.96563 0.012512 0.0131407 0.143257 0.00926295 0.133175 0.687152
3.97188 4.1125 0.012796 0.0131228 0.115601 0.00977965 0.109483 0.739953
3.97188 4.25938 0.0131021 0.0132601 0.096171 0.0102212 0.0925025 0.777228
3.97188 4.40625 0.0133473 0.0134198 0.0839954 0.010533 0.0817101 0.80065
3.97188 4.55313 0.0134814 0.0135191 0.0781681 0.0106927 0.0765009 0.811875
