
1.0101 -10 0.00212643 0.997874 0 0 0 9.00788 0 0 0
1.0101 -9.975 0.0020735 0.997926 0 0 0 8.98293 0 0 0
1.0101 -9.95 0.0020219 0.997978 0 0 0 8.95799 0 0 0
1.0101 -9.925 0.00197159 0.998028 0 0 0 8.93304 0 0 0
1.0101 -9.9 0.00192254 0.998077 0 0 0 8.90808 0 0 0
1.0101 -9.875 0.00187473 0.998125 0 0 0 8.88313 0 0 0
1.0101 -9.85 0.00182811 0.998172 0 0 0 8.85818 0 0 0
1.0101 -9.825 0.00178265 0.998217 0 0 0 8.83322 0 0 0
1.0101 -9.8 0.00173834 0.998262 0 0 0 8.80827 0 0 0
1.0101 -9.775 0.00169513 0.998305 0 0 0 8.78331 0 0 0
1.0101 -9.75 0.00165301 0.998347 0 0 0 8.75835 0 0 0
1.0101 -9.725 0.00161194 0.998388 0 0 0 8.73339 0 0 0
1.0101 -9.7 0.00157189 0.998428 0 0 0 8.70843 0 0 0
1.0101 -9.675 0.00153285 0.998467 0 0 0 8.68347 0 0 0
1.0101 -9.65 0.00149478 0.998505 0 0 0 8.65851 0 0 0
1.0101 -9.625 0.00145766 0.998542 0 0 0 8.63355 0 0 0
1.0101 -9.6 0.00142147 0.998579 0 0 0 8.60858 0 0 0
1.0101 -9.575 0.00138618 0.998614 0 0 0 8.58362 0 0 0
1.0101 -9.55 0.00135178 0.998648 0 0 0 8.55865 0 0 0
1.0101 -9.525 0.00131823 0.998682 0 0 0 8.53369 0 0 0
1.0101 -9.5 0.00128552 0.998714 0 0 0 8.50872 0 0 0
1.0101 -9.475 0.00125362 0.998746 0 0 0 8.48375 0 0 0
1.0101 -9.45 0.00122252 0.998777 0 0 0 8.45878 0 0 0
1.0101 -9.425 0.0011922 0.998808 0 0 0 8.43381 0 0 0
1.0101 -9.4 0.00116263 0.998837 0 0 0 8.40884 0 0 0
1.0101 -9.375 0.00113379 0.998866 0 0 0 8.38387 0 0 0
1.0101 -9.35 0.00110568 0.998894 0 0 0 8.3589 0 0 0
1.0101 -9.325 0.00107826 0.998922 0 0 0 8.33392 0 0 0
1.0101 -9.3 0.00105153 0.998948 0 0 0 8.30895 0 0 0
1.0101 -9.275 0.00102546 0.998975 0 0 0 8.28398 0 0 0
1.0101 -9.25 0.00100005 0.999 0 0 0 8.259 0 0 0
1.0101 -9.225 0.00097526 0.999025 0 0 0 8.23403 0 0 0
1.0101 -9.2 0.000951091 0.999049 0 0 0 8.20905 0 0 0
1.0101 -9.175 0.000927523 0.999072 0 0 0 8.18407 0 0 0
1.0101 -9.15 0.000904541 0.999095 0 0 0 8.1591 0 0 0
1.0101 -9.125 0.000882131 0.999118 0 0 0 8.13412 0 0 0
1.0101 -9.1 0.000860278 0.99914 0 0 0 8.10914 0 0 0
1.0101 -9.075 0.000838967 0.999161 0 0 0 8.08416 0 0 0
1.0101 -9.05 0.000818187 0.999182 0 0 0 8.05918 0 0 0
1.0101 -9.025 0.000797923 0.999202 0 0 0 8.0342 0 0 0
1.0101 -9 0.000778162 0.999222 0 0 0 8.00922 0 0 0
1.0101 -8.975 0.000758892 0.999241 0 0 0 7.98424 0 0 0
1.0101 -8.95 0.0007401 0.99926 0 0 0 7.95926 0 0 0
1.0101 -8.925 0.000721776 0.999278 0 0 0 7.93428 0 0 0
1.0101 -8.9 0.000703906 0.999296 0 0 0 7.9093 0 0 0
1.0101 -8.875 0.000686479 0.999314 0 0 0 7.88431 0 0 0
1.0101 -8.85 0.000669486 0.999331 0 0 0 7.85933 0 0 0
1.0101 -8.825 0.000652914 0.999347 0 0 0 7.83435 0 0 0
1.0101 -8.8 0.000636753 0.999363 0 0 0 7.80936 0 0 0
1.0101 -8.775 0.000620993 0.999379 0 0 0 7.78438 0 0 0
1.0101 -8.75 0.000605625 0.999394 0 0 0 7.7594 0 0 0
1.0101 -8.725 0.000590637 0.999409 0 0 0 7.73441 0 0 0
1.0101 -8.7 0.000576021 0.999424 0 0 0 7.70942 0 0 0
1.0101 -8.675 0.000561768 0.999438 0 0 0 7.68444 0 0 0
1.0101 -8.65 0.000547868 0.999452 0 0 0 7.65945 0 0 0
1.0101 -8.625 0.000534313 0.999466 0 0 0 7.63447 0 0 0
1.0101 -8.6 0.000521094 0.999479 0 0 0 7.60948 0 0 0
1.0101 -8.575 0.000508202 0.999492 0 0 0 7.58449 0 0 0
1.0101 -8.55 0.000495631 0.999504 0 0 0 7.5595 0 0 0
1.0101 -8.525 0.00048337 0.999517 0 0 0 7.53452 0 0 0
1.0101 -8.5 0.000471414 0.999529 0 0 0 7.50953 0 0 0
1.0101 -8.475 0.000459754 0.99954 0 0 0 7.48454 0 0 0
1.0101 -8.45 0.000448382 0.999552 0 0 0 7.45955 0 0 0
1.0101 -8.425 0.000437293 0.999563 0 0 0 7.43456 0 0 0
1.0101 -8.4 0.000426478 0.999574 0 0 0 7.40957 0 0 0
1.0101 -8.375 0.000415931 0.999584 0 0 0 7.38458 0 0 0
1.0101 -8.35 0.000405645 0.999594 0 0 0 7.35959 0 0 0
1.0101 -8.325 0.000395614 0.999604 0 0 0 7.3346 0 0 0
1.0101 -8.3 0.000385832 0.999614 0 0 0 7.30961 0 0 0
1.0101 -8.275 0.000376292 0.999624 0 0 0 7.28462 0 0 0
1.0101 -8.25 0.000366988 0.999633 0 0 0 7.25963 0 0 0
1.0101 -8.225 0.000357914 0.999642 0 0 0 7.23464 0 0 0
1.0101 -8.2 0.000349065 0.999651 0 0 0 7.20965 0 0 0
1.0101 -8.175 0.000340435 0.99966 0 0 0 7.18466 0 0 0
1.0101 -8.15 0.000332019 0.999668 0 0 0 7.15967 0 0 0
1.0101 -8.125 0.000323811 0.999676 0 0 0 7.13468 0 0 0
1.0101 -8.1 0.000315806 0.999684 0 0 0 7.10968 0 0 0
1.0101 -8.075 0.000307999 0.999692 0 0 0 7.08469 0 0 0
1.0101 -8.05 0.000300386 0.9997 0 0 0 7.0597 0 0 0
1.0101 -8.025 0.000292961 0.999707 0 0 0 7.03471 0 0 0
1.0101 -8 0.00028572 0.999714 0 0 0 7.00971 0 0 0
1.0101 -7.975 0.000278657 0.999721 0 0 0 6.98472 0 0 0
1.0101 -7.95 0.00027177 0.999728 0 0 0 6.95973 0 0 0
1.0101 -7.925 0.000265053 0.999735 0 0 0 6.93474 0 0 0
1.0101 -7.9 0.000258502 0.999741 0 0 0 6.90974 0 0 0
1.0101 -7.875 0.000252114 0.999748 0 0 0 6.88475 0 0 0
1.0101 -7.85 0.000245883 0.999754 0 0 0 6.85975 0 0 0
1.0101 -7.825 0.000239806 0.99976 0 0 0 6.83476 0 0 0
1.0101 -7.8 0.00023388 0.999766 0 0 0 6.80977 0 0 0
1.0101 -7.775 0.0002281 0.999772 0 0 0 6.78477 0 0 0
1.0101 -7.75 0.000222464 0.999778 0 0 0 6.75978 0 0 0
1.0101 -7.725 0.000216966 0.999783 0 0 0 6.73478 0 0 0
1.0101 -7.7 0.000211605 0.999788 0 0 0 6.70979 0 0 0
1.0101 -7.675 0.000206376 0.999794 0 0 0 6.68479 0 0 0
1.0101 -7.65 0.000201277 0.999799 0 0 0 6.6598 0 0 0
1.0101 -7.625 0.000196303 0.999804 0 0 0 6.6348 0 0 0
1.0101 -7.6 0.000191453 0.999809 0 0 0 6.60981 0 0 0
1.0101 -7.575 0.000186723 0.999813 0 0 0 6.58481 0 0 0
1.0101 -7.55 0.000182109 0.999818 0 0 0 6.55982 0 0 0
1.0101 -7.525 0.00017761 0.999822 0 0 0 6.53482 0 0 0
1.0101 -7.5 0.000173222 0.999827 0 0 0 6.50983 0 0 0
1.0101 -7.475 0.000168942 0.999831 0 0 0 6.48483 0 0 0
1.0101 -7.45 0.000164768 0.999835 0 0 0 6.45984 0 0 0
1.0101 -7.425 0.000160697 0.999839 0 0 0 6.43484 0 0 0
1.0101 -7.4 0.000156727 0.999843 0 0 0 6.40984 0 0 0
1.0101 -7.375 0.000152855 0.999847 0 0 0 6.38485 0 0 0
1.0101 -7.35 0.000149079 0.999851 0 0 0 6.35985 0 0 0
1.0101 -7.325 0.000145396 0.999855 0 0 0 6.33485 0 0 0
1.0101 -7.3 0.000141804 0.999858 0 0 0 6.30986 0 0 0
1.0101 -7.275 0.000138301 0.999862 0 0 0 6.28486 0 0 0
1.0101 -7.25 0.000134885 0.999865 0 0 0 6.25987 0 0 0
1.0101 -7.225 0.000131553 0.999868 0 0 0 6.23487 0 0 0
1.0101 -7.2 0.000128303 0.999872 0 0 0 6.20987 0 0 0
1.0101 -7.175 0.000125134 0.999875 0 0 0 6.18487 0 0 0
1.0101 -7.15 0.000122043 0.999878 0 0 0 6.15988 0 0 0
1.0101 -7.125 0.000119028 0.999881 0 0 0 6.13488 0 0 0
1.0101 -7.1 0.000116088 0.999884 0 0 0 6.10988 0 0 0
1.0101 -7.075 0.00011322 0.999887 0 0 0 6.08489 0 0 0
1.0101 -7.05 0.000110424 0.99989 0 0 0 6.05989 0 0 0
1.0101 -7.025 0.000107696 0.999892 0 0 0 6.03489 0 0 0
1.0101 -7 0.000105036 0.999895 0 0 0 6.00989 0 0 0
1.0101 -6.975 0.000102442 0.999898 0 0 0 5.9849 0 0 0
1.0101 -6.95 9.99115e-05 0.9999 0 0 0 5.9599 0 0 0
1.0101 -6.925 9.74437e-05 0.999903 0 0 0 5.9349 0 0 0
1.0101 -6.9 9.50369e-05 0.999905 0 0 0 5.9099 0 0 0
1.0101 -6.875 9.26896e-05 0.999907 0 0 0 5.88491 0 0 0
1.0101 -6.85 9.04003e-05 0.99991 0 0 0 5.85991 0 0 0
1.0101 -6.825 8.81675e-05 0.999912 0 0 0 5.83491 0 0 0
1.0101 -6.8 8.59899e-05 0.999914 0 0 0 5.80991 0 0 0
1.0101 -6.775 8.38661e-05 0.999916 0 0 0 5.78492 0 0 0
1.0101 -6.75 8.17948e-05 0.999918 0 0 0 5.75992 0 0 0
1.0101 -6.725 7.97747e-05 0.99992 0 0 0 5.73492 0 0 0
1.0101 -6.7 7.78044e-05 0.999922 0 0 0 5.70992 0 0 0
1.0101 -6.675 7.58829e-05 0.999924 0 0 0 5.68492 0 0 0
1.0101 -6.65 7.40088e-05 0.999926 0 0 0 5.65993 0 0 0
1.0101 -6.625 7.2181e-05 0.999928 0 0 0 5.63493 0 0 0
1.0101 -6.6 7.03983e-05 0.99993 0 0 0 5.60993 0 0 0
1.0101 -6.575 6.86597e-05 0.999931 0 0 0 5.58493 0 0 0
1.0101 -6.55 6.69641e-05 0.999933 0 0 0 5.55993 0 0 0
1.0101 -6.525 6.53103e-05 0.999935 0 0 0 5.53493 0 0 0
1.0101 -6.5 6.36974e-05 0.999936 0 0 0 5.50994 0 0 0
1.0101 -6.475 6.21243e-05 0.999938 0 0 0 5.48494 0 0 0
1.0101 -6.45 6.05901e-05 0.999939 0 0 0 5.45994 0 0 0
1.0101 -6.425 5.90938e-05 0.999941 0 0 0 5.43494 0 0 0
1.0101 -6.4 5.76344e-05 0.999942 0 0 0 5.40994 0 0 0
1.0101 -6.375 5.62111e-05 0.999944 0 0 0 5.38494 0 0 0
1.0101 -6.35 5.48229e-05 0.999945 0 0 0 5.35995 0 0 0
1.0101 -6.325 5.34691e-05 0.999947 0 0 0 5.33495 0 0 0
1.0101 -6.3 5.21486e-05 0.999948 0 0 0 5.30995 0 0 0
1.0101 -6.275 5.08608e-05 0.999949 0 0 0 5.28495 0 0 0
1.0101 -6.25 4.96048e-05 0.99995 0 0 0 5.25995 0 0 0
1.0101 -6.225 4.83799e-05 0.999952 0 0 0 5.23495 0 0 0
1.0101 -6.2 4.71851e-05 0.999953 0 0 0 5.20995 0 0 0
1.0101 -6.175 4.60199e-05 0.999954 0 0 0 5.18495 0 0 0
1.0101 -6.15 4.48835e-05 0.999955 0 0 0 5.15996 0 0 0
1.0101 -6.125 4.37751e-05 0.999956 0 0 0 5.13496 0 0 0
1.0101 -6.1 4.26941e-05 0.999957 0 0 0 5.10996 0 0 0
1.0101 -6.075 4.16398e-05 0.999958 0 0 0 5.08496 0 0 0
1.0101 -6.05 4.06116e-05 0.999959 0 0 0 5.05996 0 0 0
1.0101 -6.025 3.96087e-05 0.99996 0 0 0 5.03496 0 0 0
1.0101 -6 3.86306e-05 0.999961 0 0 0 5.00996 0 0 0
1.0101 -5.975 3.76767e-05 0.999962 0 0 0 4.98496 0 0 0
1.0101 -5.95 3.67463e-05 0.999963 0 0 0 4.95996 0 0 0
1.0101 -5.925 3.58389e-05 0.999964 0 0 0 4.93496 0 0 0
1.0101 -5.9 3.49539e-05 0.999965 0 0 0 4.90997 0 0 0
1.0101 -5.875 3.40908e-05 0.999966 0 0 0 4.88497 0 0 0
1.0101 -5.85 3.3249e-05 0.999967 0 0 0 4.85997 0 0 0
1.0101 -5.825 3.2428e-05 0.999968 0 0 0 4.83497 0 0 0
1.0101 -5.8 3.16272e-05 0.999968 0 0 0 4.80997 0 0 0
1.0101 -5.775 3.08462e-05 0.999969 0 0 0 4.78497 0 0 0
1.0101 -5.75 3.00846e-05 0.99997 0 0 0 4.75997 0 0 0
1.0101 -5.725 2.93417e-05 0.999971 0 0 0 4.73497 0 0 0
1.0101 -5.7 2.86172e-05 0.999971 0 0 0 4.70997 0 0 0
1.0101 -5.675 2.79105e-05 0.999972 0 0 0 4.68497 0 0 0
1.0101 -5.65 2.72213e-05 0.999973 0 0 0 4.65997 0 0 0
1.0101 -5.625 2.65492e-05 0.999973 0 0 0 4.63497 0 0 0
1.0101 -5.6 2.58936e-05 0.999974 0 0 0 4.60997 0 0 0
1.0101 -5.575 2.52542e-05 0.999975 0 0 0 4.58497 0 0 0
1.0101 -5.55 2.46306e-05 0.999975 0 0 0 4.55998 0 0 0
1.0101 -5.525 2.40224e-05 0.999976 0 0 0 4.53498 0 0 0
1.0101 -5.5 2.34293e-05 0.999977 0 0 0 4.50998 0 0 0
1.0101 -5.475 2.28507e-05 0.999977 0 0 0 4.48498 0 0 0
1.0101 -5.45 2.22865e-05 0.999978 0 0 0 4.45998 0 0 0
1.0101 -5.425 2.17362e-05 0.999978 0 0 0 4.43498 0 0 0
1.0101 -5.4 2.11995e-05 0.999979 0 0 0 4.40998 0 0 0
1.0101 -5.375 2.0676e-05 0.999979 0 0 0 4.38498 0 0 0
1.0101 -5.35 2.01655e-05 0.99998 0 0 0 4.35998 0 0 0
1.0101 -5.325 1.96676e-05 0.99998 0 0 0 4.33498 0 0 0
1.0101 -5.3 1.91819e-05 0.999981 0 0 0 4.30998 0 0 0
1.0101 -5.275 1.87083e-05 0.999981 0 0 0 4.28498 0 0 0
1.0101 -5.25 1.82464e-05 0.999982 0 0 0 4.25998 0 0 0
1.0101 -5.225 1.77958e-05 0.999982 0 0 0 4.23498 0 0 0
1.0101 -5.2 1.73564e-05 0.999983 0 0 0 4.20998 0 0 0
1.0101 -5.175 1.69279e-05 0.999983 0 0 0 4.18498 0 0 0
1.0101 -5.15 1.65099e-05 0.999983 0 0 0 4.15998 0 0 0
1.0101 -5.125 1.61022e-05 0.999984 0 0 0 4.13498 0 0 0
1.0101 -5.1 1.57046e-05 0.999984 0 0 0 4.10998 0 0 0
1.0101 -5.075 1.53169e-05 0.999985 0 0 0 4.08498 0 0 0
1.0101 -5.05 1.49387e-05 0.999985 0 0 0 4.05999 0 0 0
1.0101 -5.025 1.45698e-05 0.999985 0 0 0 4.03499 0 0 0
1.0101 -5 1.42101e-05 0.999986 0 0 0 4.00999 0 0 0
1.0101 -4.975 1.38592e-05 0.999986 0 0 0 3.98499 0 0 0
1.0101 -4.95 1.3517e-05 0.999986 0 0 0 3.95999 0 0 0
1.0101 -4.925 1.31832e-05 0.999987 0 0 0 3.93499 0 0 0
1.0101 -4.9 1.28577e-05 0.999987 0 0 0 3.90999 0 0 0
1.0101 -4.875 1.25402e-05 0.999987 0 0 0 3.88499 0 0 0
1.0101 -4.85 1.22306e-05 0.999988 0 0 0 3.85999 0 0 0
1.0101 -4.825 1.19286e-05 0.999988 0 0 0 3.83499 0 0 0
1.0101 -4.8 1.16341e-05 0.999988 0 0 0 3.80999 0 0 0
1.0101 -4.775 1.13468e-05 0.999989 0 0 0 3.78499 0 0 0
1.0101 -4.75 1.10667e-05 0.999989 0 0 0 3.75999 0 0 0
1.0101 -4.725 1.07934e-05 0.999989 0 0 0 3.73499 0 0 0
1.0101 -4.7 1.05269e-05 0.999989 0 0 0 3.70999 0 0 0
1.0101 -4.675 1.0267e-05 0.99999 0 0 0 3.68499 0 0 0
1.0101 -4.65 1.00135e-05 0.99999 0 0 0 3.65999 0 0 0
1.0101 -4.625 9.76625e-06 0.99999 0 0 0 3.63499 0 0 0
1.0101 -4.6 9.52511e-06 0.99999 0 0 0 3.60999 0 0 0
1.0101 -4.575 9.28993e-06 0.999991 0 0 0 3.58499 0 0 0
1.0101 -4.55 9.06055e-06 0.999991 0 0 0 3.55999 0 0 0
1.0101 -4.525 8.83684e-06 0.999991 0 0 0 3.53499 0 0 0
1.0101 -4.5 8.61865e-06 0.999991 0 0 0 3.50999 0 0 0
1.0101 -4.475 8.40584e-06 0.999992 0 0 0 3.48499 0 0 0
1.0101 -4.45 8.1983e-06 0.999992 0 0 0 3.45999 0 0 0
1.0101 -4.425 7.99587e-06 0.999992 0 0 0 3.43499 0 0 0
1.0101 -4.4 7.79845e-06 0.999992 0 0 0 3.40999 0 0 0
1.0101 -4.375 7.6059e-06 0.999992 0 0 0 3.38499 0 0 0
1.0101 -4.35 7.4181e-06 0.999993 0 0 0 3.35999 0 0 0
1.0101 -4.325 7.23494e-06 0.999993 0 0 0 3.33499 0 0 0
1.0101 -4.3 7.05631e-06 0.999993 0 0 0 3.30999 0 0 0
1.0101 -4.275 6.88208e-06 0.999993 0 0 0 3.28499 0 0 0
1.0101 -4.25 6.71216e-06 0.999993 0 0 0 3.25999 0 0 0
1.0101 -4.225 6.54643e-06 0.999993 0 0 0 3.23499 0 0 0
1.0101 -4.2 6.38479e-06 0.999994 0 0 0 3.20999 0 0 0
1.0101 -4.175 6.22715e-06 0.999994 0 0 0 3.18499 0 0 0
1.0101 -4.15 6.0734e-06 0.999994 0 0 0 3.15999 0 0 0
1.0101 -4.125 5.92344e-06 0.999994 0 0 0 3.13499 0 0 0
1.0101 -4.1 5.77719e-06 0.999994 0 0 0 3.10999 0 0 0
1.0101 -4.075 5.63455e-06 0.999994 0 0 0 3.08499 0 0 0
1.0101 -4.05 5.49542e-06 0.999995 0 0 0 3.05999 0 0 0
1.0101 -4.025 5.35974e-06 0.999995 0 0 0 3.03499 0 0 0
1.0101 -4 5.2274e-06 0.999995 0 0 0 3.00999 0 0 0
1.0101 -3.975 5.09834e-06 0.999995 0 0 0 2.98499 0 0 0
1.0101 -3.95 4.97246e-06 0.999995 0 0 0 2.96 0 0 0
1.0101 -3.925 4.84968e-06 0.999995 0 0 0 2.935 0 0 0
1.0101 -3.9 4.72994e-06 0.999995 0 0 0 2.91 0 0 0
1.0101 -3.875 4.61316e-06 0.999995 0 0 0 2.885 0 0 0
1.0101 -3.85 4.49926e-06 0.999996 0 0 0 2.86 0 0 0
1.0101 -3.825 4.38817e-06 0.999996 0 0 0 2.835 0 0 0
1.0101 -3.8 4.27982e-06 0.999996 0 0 0 2.81 0 0 0
1.0101 -3.775 4.17415e-06 0.999996 0 0 0 2.785 0 0 0
1.0101 -3.75 4.07109e-06 0.999996 0 0 0 2.76 0 0 0
1.0101 -3.725 3.97057e-06 0.999996 0 0 0 2.735 0 0 0
1.0101 -3.7 3.87254e-06 0.999996 0 0 0 2.71 0 0 0
1.0101 -3.675 3.77692e-06 0.999996 0 0 0 2.685 0 0 0
1.0101 -3.65 3.68367e-06 0.999996 0 0 0 2.66 0 0 0
1.0101 -3.625 3.59272e-06 0.999996 0 0 0 2.635 0 0 0
1.0101 -3.6 3.50401e-06 0.999996 0 0 0 2.61 0 0 0
1.0101 -3.575 3.41749e-06 0.999997 0 0 0 2.585 0 0 0
1.0101 -3.55 3.33312e-06 0.999997 0 0 0 2.56 0 0 0
1.0101 -3.525 3.25082e-06 0.999997 0 0 0 2.535 0 0 0
1.0101 -3.5 3.17056e-06 0.999997 0 0 0 2.51 0 0 0
1.0101 -3.475 3.09227e-06 0.999997 0 0 0 2.485 0 0 0
1.0101 -3.45 3.01592e-06 0.999997 0 0 0 2.46 0 0 0
1.0101 -3.425 2.94146e-06 0.999997 0 0 0 2.435 0 0 0
1.0101 -3.4 2.86883e-06 0.999997 0 0 0 2.41 0 0 0
1.0101 -3.375 2.798e-06 0.999997 0 0 0 2.385 0 0 0
1.0101 -3.35 2.72892e-06 0.999997 0 0 0 2.36 0 0 0
1.0101 -3.325 2.66154e-06 0.999997 0 0 0 2.335 0 0 0
1.0101 -3.3 2.59583e-06 0.999997 0 0 0 2.31 0 0 0
1.0101 -3.275 2.53173e-06 0.999997 0 0 0 2.285 0 0 0
1.0101 -3.25 2.46922e-06 0.999998 0 0 0 2.26 0 0 0
1.0101 -3.225 2.40826e-06 0.999998 0 0 0 2.235 0 0 0
1.0101 -3.2 2.3488e-06 0.999998 0 0 0 2.21 0 0 0
1.0101 -3.175 2.29081e-06 0.999998 0 0 0 2.185 0 0 0
1.0101 -3.15 2.23424e-06 0.999998 0 0 0 2.16 0 0 0
1.0101 -3.125 2.17908e-06 0.999998 0 0 0 2.135 0 0 0
1.0101 -3.1 2.12528e-06 0.999998 0 0 0 2.11 0 0 0
1.0101 -3.075 2.0728e-06 0.999998 0 0 0 2.085 0 0 0
1.0101 -3.05 2.02163e-06 0.999998 0 0 0 2.06 0 0 0
1.0101 -3.025 1.97171e-06 0.999998 0 0 0 2.035 0 0 0
1.0101 -3 1.92303e-06 0.999998 0 0 0 2.01 0 0 0
1.0101 -2.975 1.87555e-06 0.999998 0 0 0 1.985 0 0 0
1.0101 -2.95 1.82924e-06 0.999998 0 0 0 1.96 0 0 0
1.0101 -2.925 1.78408e-06 0.999998 0 0 0 1.935 0 0 0
1.0101 -2.9 1.74003e-06 0.999998 0 0 0 1.91 0 0 0
1.0101 -2.875 1.69707e-06 0.999998 0 0 0 1.885 0 0 0
1.0101 -2.85 1.65517e-06 0.999998 0 0 0 1.86 0 0 0
1.0101 -2.825 1.6143e-06 0.999998 0 0 0 1.835 0 0 0
1.0101 -2.8 1.57444e-06 0.999998 0 0 0 1.81 0 0 0
1.0101 -2.775 1.53557e-06 0.999998 0 0 0 1.785 0 0 0
1.0101 -2.75 1.49765e-06 0.999999 0 0 0 1.76 0 0 0
1.0101 -2.725 1.46068e-06 0.999999 0 0 0 1.735 0 0 0
1.0101 -2.7 1.42461e-06 0.999999 0 0 0 1.71 0 0 0
1.0101 -2.675 1.38944e-06 0.999999 0 0 0 1.685 0 0 0
1.0101 -2.65 1.35513e-06 0.999999 0 0 0 1.66 0 0 0
1.0101 -2.625 1.32167e-06 0.999999 0 0 0 1.635 0 0 0
1.0101 -2.6 1.28904e-06 0.999999 0 0 0 1.61 0 0 0
1.0101 -2.575 1.25722e-06 0.999999 0 0 0 1.585 0 0 0
1.0101 -2.55 1.22617e-06 0.999999 0 0 0 1.56 0 0 0
1.0101 -2.525 1.1959e-06 0.999999 0 0 0 1.535 0 0 0
1.0101 -2.5 1.16637e-06 0.999999 0 0 0 1.51 0 0 0
1.0101 -2.475 1.13758e-06 0.999999 0 0 0 1.485 0 0 0
1.0101 -2.45 1.10949e-06 0.999999 0 0 0 1.46 0 0 0
1.0101 -2.425 1.08209e-06 0.999999 0 0 0 1.435 0 0 0
1.0101 -2.4 1.05538e-06 0.999999 0 0 0 1.41 0 0 0
1.0101 -2.375 1.02932e-06 0.999999 0 0 0 1.385 0 0 0
1.0101 -2.35 1.00391e-06 0.999999 0 0 0 1.36 0 0 0
1.0101 -2.325 9.79119e-07 0.999999 0 0 0 1.335 0 0 0
1.0101 -2.3 9.54945e-07 0.999999 0 0 0 1.31 0 0 0
1.0101 -2.275 9.31367e-07 0.999999 0 0 0 1.285 0 0 0
1.0101 -2.25 9.08371e-07 0.999999 0 0 0 1.26 0 0 0
1.0101 -2.225 8.85943e-07 0.999999 0 0 0 1.235 0 0 0
1.0101 -2.2 8.64069e-07 0.999999 0 0 0 1.21 0 0 0
1.0101 -2.175 8.42735e-07 0.999999 0 0 0 1.185 0 0 0
1.0101 -2.15 8.21928e-07 0.999999 0 0 0 1.16 0 0 0
1.0101 -2.125 8.01635e-07 0.999999 0 0 0 1.135 0 0 0
1.0101 -2.1 7.81842e-07 0.999999 0 0 0 1.11 0 0 0
1.0101 -2.075 7.62538e-07 0.999999 0 0 0 1.085 0 0 0
1.0101 -2.05 7.43711e-07 0.999999 0 0 0 1.06 0 0 0
1.0101 -2.025 7.25349e-07 0.999999 0 0 0 1.035 0 0 0
1.0101 -2 7.0744e-07 0.999999 0 0 0 1.01 0 0 0
1.0101 -1.975 6.89973e-07 0.999999 0 0 0 0.984999 0 0 0
1.0101 -1.95 6.72937e-07 0.999999 0 0 0 0.959999 0 0 0
1.0101 -1.925 6.56322e-07 0.999999 0 0 0 0.934999 0 0 0
1.0101 -1.9 6.40118e-07 0.999999 0 0 0 0.909999 0 0 0
1.0101 -1.875 6.24313e-07 0.999999 0 0 0 0.884999 0 0 0
1.0101 -1.85 6.08899e-07 0.999999 0 0 0 0.859999 0 0 0
1.0101 -1.825 5.93865e-07 0.999999 0 0 0 0.834999 0 0 0
1.0101 -1.8 5.79202e-07 0.999999 0 0 0 0.809999 0 0 0
1.0101 -1.775 5.64902e-07 0.999999 0 0 0 0.784999 0 0 0
1.0101 -1.75 5.50954e-07 0.999999 0 0 0 0.759999 0 0 0
1.0101 -1.725 5.37351e-07 0.999999 0 0 0 0.734999 0 0 0
1.0101 -1.7 5.24084e-07 0.999999 0 0 0 0.709999 0 0 0
1.0101 -1.675 5.11144e-07 0.999999 0 0 0 0.684999 0 0 0
1.0101 -1.65 4.98524e-07 1 0 0 0 0.66 0 0 0
1.0101 -1.625 4.86215e-07 1 0 0 0 0.635 0 0 0
1.0101 -1.6 4.74211e-07 1 0 0 0 0.61 0 0 0
1.0101 -1.575 4.62502e-07 1 0 0 0 0.585 0 0 0
1.0101 -1.55 4.51083e-07 1 0 0 0 0.56 0 0 0
1.0101 -1.525 4.39946e-07 1 0 0 0 0.535 0 0 0
1.0101 -1.5 4.29083e-07 1 0 0 0 0.51 0 0 0
1.0101 -1.475 4.18489e-07 1 0 0 0 0.485 0 0 0
1.0101 -1.45 4.08157e-07 1 0 0 0 0.46 0 0 0
1.0101 -1.425 3.98079e-07 1 0 0 0 0.435 0 0 0
1.0101 -1.4 3.88251e-07 1 0 0 0 0.41 0 0 0
1.0101 -1.375 3.78665e-07 1 0 0 0 0.385 0 0 0
1.0101 -1.35 3.69315e-07 1 0 0 0 0.36 0 0 0
1.0101 -1.325 3.60197e-07 1 0 0 0 0.335 0 0 0
1.0101 -1.3 3.51304e-07 1 0 0 0 0.31 0 0 0
1.0101 -1.275 3.4263e-07 1 0 0 0 0.285 0 0 0
1.0101 -1.25 3.3417e-07 1 0 0 0 0.26 0 0 0
1.0101 -1.225 3.2592e-07 1 0 0 0 0.235 0 0 0
1.0101 -1.2 3.17873e-07 1 0 0 0 0.21 0 0 0
1.0101 -1.175 3.10024e-07 1 0 0 0 0.185 0 0 0
1.0101 -1.15 3.0237e-07 1 0 0 0 0.16 0 0 0
1.0101 -1.125 2.94904e-07 1 0 0 0 0.135 0 0 0
1.0101 -1.1 2.87623e-07 1 0 0 0 0.11 0 0 0
1.0101 -1.075 2.80522e-07 1 0 0 0 0.0849997 0 0 0
1.0101 -1.05 2.73596e-07 1 0 0 0 0.0599997 0 0 0
1.0101 -1.025 2.6684e-07 1 0 0 0 0.0349997 0 0 0
1.0101 -1 2.60252e-07 1 0 0 0 0.00999974 0 0 0
1.0101 -0.975 2.53826e-07 1 0 0 0 -0.0150003 0 0 0
1.0101 -0.95 2.47559e-07 1 0 0 0 -0.0400002 0 0 0
1.0101 -0.925 2.41447e-07 1 0 0 0 -0.0650002 0 0 0
1.0101 -0.9 2.35486e-07 1 0 0 0 -0.0900002 0 0 0
1.0101 -0.875 2.29672e-07 1 0 0 0 -0.115 0 0 0
1.0101 -0.85 2.24001e-07 1 0 0 0 -0.14 0 0 0
1.0101 -0.825 2.1847e-07 1 0 0 0 -0.165 0 0 0
1.0101 -0.8 2.13076e-07 1 0 0 0 -0.19 0 0 0
1.0101 -0.775 2.07815e-07 1 0 0 0 -0.215 0 0 0
1.0101 -0.75 2.02684e-07 1 0 0 0 -0.24 0 0 0
1.0101 -0.725 1.9768e-07 1 0 0 0 -0.265 0 0 0
1.0101 -0.7 1.92799e-07 1 0 0 0 -0.29 0 0 0
1.0101 -0.675 1.88039e-07 1 0 0 0 -0.315 0 0 0
1.0101 -0.65 1.83396e-07 1 0 0 0 -0.34 0 0 0
1.0101 -0.625 1.78868e-07 1 0 0 0 -0.365 0 0 0
1.0101 -0.6 1.74452e-07 1 0 0 0 -0.39 0 0 0
1.0101 -0.575 1.70145e-07 1 0 0 0 -0.415 0 0 0
1.0101 -0.55 1.65944e-07 1 0 0 0 -0.44 0 0 0
1.0101 -0.525 1.61847e-07 1 0 0 0 -0.465 0 0 0
1.0101 -0.5 1.57851e-07 1 0 0 0 -0.49 0 0 0
1.0101 -0.475 1.53953e-07 1 0 0 0 -0.515 0 0 0
1.0101 -0.45 1.50152e-07 1 0 0 0 -0.54 0 0 0
1.0101 -0.425 1.46445e-07 1 0 0 0 -0.565 0 0 0
1.0101 -0.4 1.42829e-07 1 0 0 0 -0.59 0 0 0
1.0101 -0.375 1.39303e-07 1 0 0 0 -0.615 0 0 0
1.0101 -0.35 1.35863e-07 1 0 0 0 -0.64 0 0 0
1.0101 -0.325 1.32509e-07 1 0 0 0 -0.665 0 0 0
1.0101 -0.3 1.29237e-07 1 0 0 0 -0.69 0 0 0
1.0101 -0.275 1.26046e-07 1 0 0 0 -0.715 0 0 0
1.0101 -0.25 1.22934e-07 1 0 0 0 -0.74 0 0 0
1.0101 -0.225 1.19899e-07 1 0 0 0 -0.765 0 0 0
1.0101 -0.2 1.16939e-07 1 0 0 0 -0.79 0 0 0
1.0101 -0.175 1.14052e-07 1 0 0 0 -0.815 0 0 0
1.0101 -0.15 1.11236e-07 1 0 0 0 -0.84 0 0 0
1.0101 -0.125 1.08489e-07 1 0 0 0 -0.865 0 0 0
1.0101 -0.1 1.05811e-07 1 0 0 0 -0.89 0 0 0
1.0101 -0.075 1.03198e-07 1 0 0 0 -0.915 0 0 0
1.0101 -0.05 1.0065e-07 1 0 0 0 -0.94 0 0 0
1.0101 -0.025 9.8165e-08 1 0 0 0 -0.965 0 0 0
1.0101 7.48776e-14 9.57413e-08 1 0 0 0 -0.99 0 0 0
1.0101 0.025 9.33775e-08 1 0 0 0 -1.015 0 0 0
1.0101 0.05 9.1072e-08 1 0 0 0 -1.04 0 0 0
1.0101 0.075 8.88234e-08 1 0 0 0 -1.065 0 0 0
1.0101 0.1 8.66303e-08 1 0 0 0 -1.09 0 0 0
1.0101 0.125 8.44914e-08 1 0 0 0 -1.115 0 0 0
1.0101 0.15 8.24053e-08 1 0 0 0 -1.14 0 0 0
1.0101 0.175 8.03707e-08 1 0 0 0 -1.165 0 0 0
1.0101 0.2 7.83864e-08 1 0 0 0 -1.19 0 0 0
1.0101 0.225 7.6451e-08 1 0 0 0 -1.215 0 0 0
1.0101 0.25 7.45634e-08 1 0 0 0 -1.24 0 0 0
1.0101 0.275 7.27224e-08 1 0 0 0 -1.265 0 0 0
1.0101 0.3 7.09269e-08 1 0 0 0 -1.29 0 0 0
1.0101 0.325 6.91757e-08 1 0 0 0 -1.315 0 0 0
1.0101 0.35 6.74678e-08 1 0 0 0 -1.34 0 0 0
1.0101 0.375 6.5802e-08 1 0 0 0 -1.365 0 0 0
1.0101 0.4 6.41773e-08 1 0 0 0 -1.39 0 0 0
1.0101 0.425 6.25928e-08 1 0 0 0 -1.415 0 0 0
1.0101 0.45 6.10474e-08 1 0 0 0 -1.44 0 0 0
1.0101 0.475 5.95401e-08 1 0 0 0 -1.465 0 0 0
1.0101 0.5 5.807e-08 1 0 0 0 -1.49 0 0 0
1.0101 0.525 5.66363e-08 1 0 0 0 -1.515 0 0 0
1.0101 0.55 5.52379e-08 1 0 0 0 -1.54 0 0 0
1.0101 0.575 5.38741e-08 1 0 0 0 -1.565 0 0 0
1.0101 0.6 5.25439e-08 1 0 0 0 -1.59 0 0 0
1.0101 0.625 5.12466e-08 1 0 0 0 -1.615 0 0 0
1.0101 0.65 4.99813e-08 1 0 0 0 -1.64 0 0 0
1.0101 0.675 4.87473e-08 1 0 0 0 -1.665 0 0 0
1.0101 0.7 4.75437e-08 1 0 0 0 -1.69 0 0 0
1.0101 0.725 4.63699e-08 1 0 0 0 -1.715 0 0 0
1.0101 0.75 4.5225e-08 1 0 0 0 -1.74 0 0 0
1.0101 0.775 4.41084e-08 1 0 0 0 -1.765 0 0 0
1.0101 0.8 4.30193e-08 1 0 0 0 -1.79 0 0 0
1.0101 0.825 4.19572e-08 1 0 0 0 -1.815 0 0 0
1.0101 0.85 4.09213e-08 1 0 0 0 -1.84 0 0 0
1.0101 0.875 3.99109e-08 1 0 0 0 -1.865 0 0 0
1.0101 0.9 3.89255e-08 1 0 0 0 -1.89 0 0 0
1.0101 0.925 3.79644e-08 1 0 0 0 -1.915 0 0 0
1.0101 0.95 3.70271e-08 1 0 0 0 -1.94 0 0 0
1.0101 0.975 3.61129e-08 1 0 0 0 -1.965 0 0 0
1.0101 1 3.52213e-08 1 0 0 0 -1.99 0 0 0
1.0101 1.025 3.43516e-08 1 0 0 0 -2.015 0 0 0
1.0101 1.05 3.35035e-08 1 0 0 0 -2.04 0 0 0
1.0101 1.075 3.26763e-08 1 0 0 0 -2.065 0 0 0
1.0101 1.1 3.18695e-08 1 0 0 0 -2.09 0 0 0
1.0101 1.125 3.10827e-08 1 0 0 0 -2.115 0 0 0
1.0101 1.15 3.03152e-08 1 0 0 0 -2.14 0 0 0
1.0101 1.175 2.95667e-08 1 0 0 0 -2.165 0 0 0
1.0101 1.2 2.88367e-08 1 0 0 0 -2.19 0 0 0
1.0101 1.225 2.81247e-08 1 0 0 0 -2.215 0 0 0
1.0101 1.25 2.74303e-08 1 0 0 0 -2.24 0 0 0
1.0101 1.275 2.67531e-08 1 0 0 0 -2.265 0 0 0
1.0101 1.3 2.60925e-08 1 0 0 0 -2.29 0 0 0
1.0101 1.325 2.54483e-08 1 0 0 0 -2.315 0 0 0
1.0101 1.35 2.482e-08 1 0 0 0 -2.34 0 0 0
1.0101 1.375 2.42072e-08 1 0 0 0 -2.365 0 0 0
1.0101 1.4 2.36095e-08 1 0 0 0 -2.39 0 0 0
1.0101 1.425 2.30266e-08 1 0 0 0 -2.415 0 0 0
1.0101 1.45 2.24581e-08 1 0 0 0 -2.44 0 0 0
1.0101 1.475 2.19036e-08 1 0 0 0 -2.465 0 0 0
1.0101 1.5 2.13628e-08 1 0 0 0 -2.49 0 0 0
1.0101 1.525 2.08353e-08 1 0 0 0 -2.515 0 0 0
1.0101 1.55 2.03209e-08 1 0 0 0 -2.54 0 0 0
1.0101 1.575 1.98192e-08 1 0 0 0 -2.565 0 0 0
1.0101 1.6 1.93298e-08 1 0 0 0 -2.59 0 0 0
1.0101 1.625 1.88526e-08 1 0 0 0 -2.615 0 0 0
1.0101 1.65 1.83871e-08 1 0 0 0 -2.64 0 0 0
1.0101 1.675 1.79331e-08 1 0 0 0 -2.665 0 0 0
1.0101 1.7 1.74904e-08 1 0 0 0 -2.69 0 0 0
1.0101 1.725 1.70585e-08 1 0 0 0 -2.715 0 0 0
1.0101 1.75 1.66373e-08 1 0 0 0 -2.74 0 0 0
1.0101 1.775 1.62266e-08 1 0 0 0 -2.765 0 0 0
1.0101 1.8 1.58259e-08 1 0 0 0 -2.79 0 0 0
1.0101 1.825 1.54352e-08 1 0 0 0 -2.815 0 0 0
1.0101 1.85 1.50541e-08 1 0 0 0 -2.84 0 0 0
1.0101 1.875 1.46824e-08 1 0 0 0 -2.865 0 0 0
1.0101 1.9 1.43199e-08 1 0 0 0 -2.89 0 0 0
1.0101 1.925 1.39663e-08 1 0 0 0 -2.915 0 0 0
1.0101 1.95 1.36215e-08 1 0 0 0 -2.94 0 0 0
1.0101 1.975 1.32852e-08 1 0 0 0 -2.965 0 0 0
1.0101 2 1.29572e-08 1 0 0 0 -2.99 0 0 0
1.0101 2.025 1.26373e-08 1 0 0 0 -3.015 0 0 0
1.0101 2.05 1.23252e-08 1 0 0 0 -3.04 0 0 0
1.0101 2.075 1.20209e-08 1 0 0 0 -3.065 0 0 0
1.0101 2.1 1.17241e-08 1 0 0 0 -3.09 0 0 0
1.0101 2.125 1.14347e-08 1 0 0 0 -3.115 0 0 0
1.0101 2.15 1.11523e-08 1 0 0 0 -3.14 0 0 0
1.0101 2.175 1.0877e-08 1 0 0 0 -3.165 0 0 0
1.0101 2.2 1.06084e-08 1 0 0 0 -3.19 0 0 0
1.0101 2.225 1.03465e-08 1 0 0 0 -3.215 0 0 0
1.0101 2.25 1.00911e-08 1 0 0 0 -3.24 0 0 0
1.0101 2.275 9.84191e-09 1 0 0 0 -3.265 0 0 0
1.0101 2.3 9.59891e-09 1 0 0 0 -3.29 0 0 0
1.0101 2.325 9.36191e-09 1 0 0 0 -3.315 0 0 0
1.0101 2.35 9.13077e-09 1 0 0 0 -3.34 0 0 0
1.0101 2.375 8.90533e-09 1 0 0 0 -3.365 0 0 0
1.0101 2.4 8.68545e-09 1 0 0 0 -3.39 0 0 0
1.0101 2.425 8.47101e-09 1 0 0 0 -3.415 0 0 0
1.0101 2.45 8.26186e-09 1 0 0 0 -3.44 0 0 0
1.0101 2.475 8.05787e-09 1 0 0 0 -3.465 0 0 0
1.0101 2.5 7.85892e-09 1 0 0 0 -3.49 0 0 0
1.0101 2.525 7.66489e-09 1 0 0 0 -3.515 0 0 0
1.0101 2.55 7.47564e-09 1 0 0 0 -3.54 0 0 0
1.0101 2.575 7.29107e-09 1 0 0 0 -3.565 0 0 0
1.0101 2.6 7.11105e-09 1 0 0 0 -3.59 0 0 0
1.0101 2.625 6.93548e-09 1 0 0 0 -3.615 0 0 0
1.0101 2.65 6.76424e-09 1 0 0 0 -3.64 0 0 0
1.0101 2.675 6.59723e-09 1 0 0 0 -3.665 0 0 0
1.0101 2.7 6.43434e-09 1 0 0 0 -3.69 0 0 0
1.0101 2.725 6.27548e-09 1 0 0 0 -3.715 0 0 0
1.0101 2.75 6.12054e-09 1 0 0 0 -3.74 0 0 0
1.0101 2.775 5.96942e-09 1 0 0 0 -3.765 0 0 0
1.0101 2.8 5.82203e-09 1 0 0 0 -3.79 0 0 0
1.0101 2.825 5.67829e-09 1 0 0 0 -3.815 0 0 0
1.0101 2.85 5.53809e-09 1 0 0 0 -3.84 0 0 0
1.0101 2.875 5.40135e-09 1 0 0 0 -3.865 0 0 0
1.0101 2.9 5.26799e-09 1 0 0 0 -3.89 0 0 0
1.0101 2.925 5.13793e-09 1 0 0 0 -3.915 0 0 0
1.0101 2.95 5.01107e-09 1 0 0 0 -3.94 0 0 0
1.0101 2.975 4.88735e-09 1 0 0 0 -3.965 0 0 0
1.0101 3 4.76668e-09 1 0 0 0 -3.99 0 0 0
1.0101 3.025 4.64899e-09 1 0 0 0 -4.015 0 0 0
1.0101 3.05 4.5342e-09 1 0 0 0 -4.04 0 0 0
1.0101 3.075 4.42225e-09 1 0 0 0 -4.065 0 0 0
1.0101 3.1 4.31307e-09 1 0 0 0 -4.09 0 0 0
1.0101 3.125 4.20658e-09 1 0 0 0 -4.115 0 0 0
1.0101 3.15 4.10272e-09 1 0 0 0 -4.14 0 0 0
1.0101 3.175 4.00142e-09 1 0 0 0 -4.165 0 0 0
1.0101 3.2 3.90263e-09 1 0 0 0 -4.19 0 0 0
1.0101 3.225 3.80627e-09 1 0 0 0 -4.215 0 0 0
1.0101 3.25 3.71229e-09 1 0 0 0 -4.24 0 0 0
1.0101 3.275 3.62064e-09 1 0 0 0 -4.265 0 0 0
1.0101 3.3 3.53124e-09 1 0 0 0 -4.29 0 0 0
1.0101 3.325 3.44406e-09 1 0 0 0 -4.315 0 0 0
1.0101 3.35 3.35902e-09 1 0 0 0 -4.34 0 0 0
1.0101 3.375 3.27609e-09 1 0 0 0 -4.365 0 0 0
1.0101 3.4 3.1952e-09 1 0 0 0 -4.39 0 0 0
1.0101 3.425 3.11631e-09 1 0 0 0 -4.415 0 0 0
1.0101 3.45 3.03937e-09 1 0 0 0 -4.44 0 0 0
1.0101 3.475 2.96433e-09 1 0 0 0 -4.465 0 0 0
1.0101 3.5 2.89114e-09 1 0 0 0 -4.49 0 0 0
1.0101 3.525 2.81975e-09 1 0 0 0 -4.515 0 0 0
1.0101 3.55 2.75013e-09 1 0 0 0 -4.54 0 0 0
1.0101 3.575 2.68223e-09 1 0 0 0 -4.565 0 0 0
1.0101 3.6 2.61601e-09 1 0 0 0 -4.59 0 0 0
1.0101 3.625 2.55142e-09 1 0 0 0 -4.615 0 0 0
1.0101 3.65 2.48842e-09 1 0 0 0 -4.64 0 0 0
1.0101 3.675 2.42698e-09 1 0 0 0 -4.665 0 0 0
1.0101 3.7 2.36706e-09 1 0 0 0 -4.69 0 0 0
1.0101 3.725 2.30862e-09 1 0 0 0 -4.715 0 0 0
1.0101 3.75 2.25162e-09 1 0 0 0 -4.74 0 0 0
1.0101 3.775 2.19603e-09 1 0 0 0 -4.765 0 0 0
1.0101 3.8 2.14181e-09 1 0 0 0 -4.79 0 0 0
1.0101 3.825 2.08893e-09 1 0 0 0 -4.815 0 0 0
1.0101 3.85 2.03735e-09 1 0 0 0 -4.84 0 0 0
1.0101 3.875 1.98705e-09 1 0 0 0 -4.865 0 0 0
1.0101 3.9 1.93799e-09 1 0 0 0 -4.89 0 0 0
1.0101 3.925 1.89014e-09 1 0 0 0 -4.915 0 0 0
1.0101 3.95 1.84347e-09 1 0 0 0 -4.94 0 0 0
1.0101 3.975 1.79795e-09 1 0 0 0 -4.965 0 0 0
1.0101 4 1.75356e-09 1 0 0 0 -4.99 0 0 0
1.0101 4.025 1.71027e-09 1 0 0 0 -5.015 0 0 0
1.0101 4.05 1.66804e-09 1 0 0 0 -5.04 0 0 0
1.0101 4.075 1.62686e-09 1 0 0 0 -5.065 0 0 0
1.0101 4.1 1.58669e-09 1 0 0 0 -5.09 0 0 0
1.0101 4.125 1.54751e-09 1 0 0 0 -5.115 0 0 0
1.0101 4.15 1.50931e-09 1 0 0 0 -5.14 0 0 0
1.0101 4.175 1.47204e-09 1 0 0 0 -5.165 0 0 0
1.0101 4.2 1.4357e-09 1 0 0 0 -5.19 0 0 0
1.0101 4.225 1.40025e-09 1 0 0 0 -5.215 0 0 0
1.0101 4.25 1.36568e-09 1 0 0 0 -5.24 0 0 0
1.0101 4.275 1.33196e-09 1 0 0 0 -5.265 0 0 0
1.0101 4.3 1.29907e-09 1 0 0 0 -5.29 0 0 0
1.0101 4.325 1.267e-09 1 0 0 0 -5.315 0 0 0
1.0101 4.35 1.23571e-09 1 0 0 0 -5.34 0 0 0
1.0101 4.375 1.20521e-09 1 0 0 0 -5.365 0 0 0
1.0101 4.4 1.17545e-09 1 0 0 0 -5.39 0 0 0
1.0101 4.425 1.14643e-09 1 0 0 0 -5.415 0 0 0
1.0101 4.45 1.11812e-09 1 0 0 0 -5.44 0 0 0
1.0101 4.475 1.09051e-09 1 0 0 0 -5.465 0 0 0
1.0101 4.5 1.06359e-09 1 0 0 0 -5.49 0 0 0
1.0101 4.525 1.03733e-09 1 0 0 0 -5.515 0 0 0
1.0101 4.55 1.01172e-09 1 0 0 0 -5.54 0 0 0
1.0101 4.575 9.86738e-10 1 0 0 0 -5.565 0 0 0
1.0101 4.6 9.62376e-10 1 0 0 0 -5.59 0 0 0
1.0101 4.625 9.38615e-10 1 0 0 0 -5.615 0 0 0
1.0101 4.65 9.1544e-10 1 0 0 0 -5.64 0 0 0
1.0101 4.675 8.92838e-10 1 0 0 0 -5.665 0 0 0
1.0101 4.7 8.70794e-10 1 0 0 0 -5.69 0 0 0
1.0101 4.725 8.49294e-10 1 0 0 0 -5.715 0 0 0
1.0101 4.75 8.28324e-10 1 0 0 0 -5.74 0 0 0
1.0101 4.775 8.07873e-10 1 0 0 0 -5.765 0 0 0
1.0101 4.8 7.87927e-10 1 0 0 0 -5.79 0 0 0
1.0101 4.825 7.68473e-10 1 0 0 0 -5.815 0 0 0
1.0101 4.85 7.49499e-10 1 0 0 0 -5.84 0 0 0
1.0101 4.875 7.30994e-10 1 0 0 0 -5.865 0 0 0
1.0101 4.9 7.12945e-10 1 0 0 0 -5.89 0 0 0
1.0101 4.925 6.95343e-10 1 0 0 0 -5.915 0 0 0
1.0101 4.95 6.78175e-10 1 0 0 0 -5.94 0 0 0
1.0101 4.975 6.61431e-10 1 0 0 0 -5.965 0 0 0
1.0101 5 6.451e-10 1 0 0 0 -5.99 0 0 0
1.0101 5.025 6.29172e-10 1 0 0 0 -6.015 0 0 0
1.0101 5.05 6.13638e-10 1 0 0 0 -6.04 0 0 0
1.0101 5.075 5.98487e-10 1 0 0 0 -6.065 0 0 0
1.0101 5.1 5.8371e-10 1 0 0 0 -6.09 0 0 0
1.0101 5.125 5.69299e-10 1 0 0 0 -6.115 0 0 0
1.0101 5.15 5.55243e-10 1 0 0 0 -6.14 0 0 0
1.0101 5.175 5.41534e-10 1 0 0 0 -6.165 0 0 0
1.0101 5.2 5.28163e-10 1 0 0 0 -6.19 0 0 0
1.0101 5.225 5.15123e-10 1 0 0 0 -6.215 0 0 0
1.0101 5.25 5.02404e-10 1 0 0 0 -6.24 0 0 0
1.0101 5.275 4.9e-10 1 0 0 0 -6.265 0 0 0
1.0101 5.3 4.77902e-10 1 0 0 0 -6.29 0 0 0
1.0101 5.325 4.66102e-10 1 0 0 0 -6.315 0 0 0
1.0101 5.35 4.54594e-10 1 0 0 0 -6.34 0 0 0
1.0101 5.375 4.4337e-10 1 0 0 0 -6.365 0 0 0
1.0101 5.4 4.32423e-10 1 0 0 0 -6.39 0 0 0
1.0101 5.425 4.21747e-10 1 0 0 0 -6.415 0 0 0
1.0101 5.45 4.11334e-10 1 0 0 0 -6.44 0 0 0
1.0101 5.475 4.01178e-10 1 0 0 0 -6.465 0 0 0
1.0101 5.5 3.91273e-10 1 0 0 0 -6.49 0 0 0
1.0101 5.525 3.81612e-10 1 0 0 0 -6.515 0 0 0
1.0101 5.55 3.7219e-10 1 0 0 0 -6.54 0 0 0
1.0101 5.575 3.63001e-10 1 0 0 0 -6.565 0 0 0
1.0101 5.6 3.54038e-10 1 0 0 0 -6.59 0 0 0
1.0101 5.625 3.45297e-10 1 0 0 0 -6.615 0 0 0
1.0101 5.65 3.36772e-10 1 0 0 0 -6.64 0 0 0
1.0101 5.675 3.28457e-10 1 0 0 0 -6.665 0 0 0
1.0101 5.7 3.20347e-10 1 0 0 0 -6.69 0 0 0
1.0101 5.725 3.12438e-10 1 0 0 0 -6.715 0 0 0
1.0101 5.75 3.04724e-10 1 0 0 0 -6.74 0 0 0
1.0101 5.775 2.972e-10 1 0 0 0 -6.765 0 0 0
1.0101 5.8 2.89862e-10 1 0 0 0 -6.79 0 0 0
1.0101 5.825 2.82705e-10 1 0 0 0 -6.815 0 0 0
1.0101 5.85 2.75725e-10 1 0 0 0 -6.84 0 0 0
1.0101 5.875 2.68918e-10 1 0 0 0 -6.865 0 0 0
1.0101 5.9 2.62278e-10 1 0 0 0 -6.89 0 0 0
1.0101 5.925 2.55802e-10 1 0 0 0 -6.915 0 0 0
1.0101 5.95 2.49487e-10 1 0 0 0 -6.94 0 0 0
1.0101 5.975 2.43327e-10 1 0 0 0 -6.965 0 0 0
1.0101 6 2.37319e-10 1 0 0 0 -6.99 0 0 0
1.0101 6.025 2.3146e-10 1 0 0 0 -7.015 0 0 0
1.0101 6.05 2.25745e-10 1 0 0 0 -7.04 0 0 0
1.0101 6.075 2.20171e-10 1 0 0 0 -7.065 0 0 0
1.0101 6.1 2.14735e-10 1 0 0 0 -7.09 0 0 0
1.0101 6.125 2.09433e-10 1 0 0 0 -7.115 0 0 0
1.0101 6.15 2.04262e-10 1 0 0 0 -7.14 0 0 0
1.0101 6.175 1.99219e-10 1 0 0 0 -7.165 0 0 0
1.0101 6.2 1.943e-10 1 0 0 0 -7.19 0 0 0
1.0101 6.225 1.89503e-10 1 0 0 0 -7.215 0 0 0
1.0101 6.25 1.84824e-10 1 0 0 0 -7.24 0 0 0
1.0101 6.275 1.80261e-10 1 0 0 0 -7.265 0 0 0
1.0101 6.3 1.7581e-10 1 0 0 0 -7.29 0 0 0
1.0101 6.325 1.71469e-10 1 0 0 0 -7.315 0 0 0
1.0101 6.35 1.67236e-10 1 0 0 0 -7.34 0 0 0
1.0101 6.375 1.63107e-10 1 0 0 0 -7.365 0 0 0
1.0101 6.4 1.5908e-10 1 0 0 0 -7.39 0 0 0
1.0101 6.425 1.55152e-10 1 0 0 0 -7.415 0 0 0
1.0101 6.45 1.51321e-10 1 0 0 0 -7.44 0 0 0
1.0101 6.475 1.47585e-10 1 0 0 0 -7.465 0 0 0
1.0101 6.5 1.43941e-10 1 0 0 0 -7.49 0 0 0
1.0101 6.525 1.40387e-10 1 0 0 0 -7.515 0 0 0
1.0101 6.55 1.36921e-10 1 0 0 0 -7.54 0 0 0
1.0101 6.575 1.33541e-10 1 0 0 0 -7.565 0 0 0
1.0101 6.6 1.30243e-10 1 0 0 0 -7.59 0 0 0
1.0101 6.625 1.27028e-10 1 0 0 0 -7.615 0 0 0
1.0101 6.65 1.23891e-10 1 0 0 0 -7.64 0 0 0
1.0101 6.675 1.20832e-10 1 0 0 0 -7.665 0 0 0
1.0101 6.7 1.17849e-10 1 0 0 0 -7.69 0 0 0
1.0101 6.725 1.14939e-10 1 0 0 0 -7.715 0 0 0
1.0101 6.75 1.12102e-10 1 0 0 0 -7.74 0 0 0
1.0101 6.775 1.09334e-10 1 0 0 0 -7.765 0 0 0
1.0101 6.8 1.06634e-10 1 0 0 0 -7.79 0 0 0
1.0101 6.825 1.04001e-10 1 0 0 0 -7.815 0 0 0
1.0101 6.85 1.01434e-10 1 0 0 0 -7.84 0 0 0
1.0101 6.875 9.89293e-11 1 0 0 0 -7.865 0 0 0
1.0101 6.9 9.64867e-11 1 0 0 0 -7.89 0 0 0
1.0101 6.925 9.41044e-11 1 0 0 0 -7.915 0 0 0
1.0101 6.95 9.1781e-11 1 0 0 0 -7.94 0 0 0
1.0101 6.975 8.95149e-11 1 0 0 0 -7.965 0 0 0
1.0101 7 8.73048e-11 1 0 0 0 -7.99 0 0 0
1.0101 7.025 8.51492e-11 1 0 0 0 -8.015 0 0 0
1.0101 7.05 8.30469e-11 1 0 0 0 -8.04 0 0 0
1.0101 7.075 8.09964e-11 1 0 0 0 -8.065 0 0 0
1.0101 7.1 7.89966e-11 1 0 0 0 -8.09 0 0 0
1.0101 7.125 7.70462e-11 1 0 0 0 -8.115 0 0 0
1.0101 7.15 7.51439e-11 1 0 0 0 -8.14 0 0 0
1.0101 7.175 7.32886e-11 1 0 0 0 -8.165 0 0 0
1.0101 7.2 7.14791e-11 1 0 0 0 -8.19 0 0 0
1.0101 7.225 6.97143e-11 1 0 0 0 -8.215 0 0 0
1.0101 7.25 6.7993e-11 1 0 0 0 -8.24 0 0 0
1.0101 7.275 6.63143e-11 1 0 0 0 -8.265 0 0 0
1.0101 7.3 6.4677e-11 1 0 0 0 -8.29 0 0 0
1.0101 7.325 6.30801e-11 1 0 0 0 -8.315 0 0 0
1.0101 7.35 6.15226e-11 1 0 0 0 -8.34 0 0 0
1.0101 7.375 6.00036e-11 1 0 0 0 -8.365 0 0 0
1.0101 7.4 5.85221e-11 1 0 0 0 -8.39 0 0 0
1.0101 7.425 5.70772e-11 1 0 0 0 -8.415 0 0 0
1.0101 7.45 5.5668e-11 1 0 0 0 -8.44 0 0 0
1.0101 7.475 5.42935e-11 1 0 0 0 -8.465 0 0 0
1.0101 7.5 5.2953e-11 1 0 0 0 -8.49 0 0 0
1.0101 7.525 5.16456e-11 1 0 0 0 -8.515 0 0 0
1.0101 7.55 5.03705e-11 1 0 0 0 -8.54 0 0 0
1.0101 7.575 4.91268e-11 1 0 0 0 -8.565 0 0 0
1.0101 7.6 4.79139e-11 1 0 0 0 -8.59 0 0 0
1.0101 7.625 4.67309e-11 1 0 0 0 -8.615 0 0 0
1.0101 7.65 4.55771e-11 1 0 0 0 -8.64 0 0 0
1.0101 7.675 4.44518e-11 1 0 0 0 -8.665 0 0 0
1.0101 7.7 4.33543e-11 1 0 0 0 -8.69 0 0 0
1.0101 7.725 4.22838e-11 1 0 0 0 -8.715 0 0 0
1.0101 7.75 4.12398e-11 1 0 0 0 -8.74 0 0 0
1.0101 7.775 4.02216e-11 1 0 0 0 -8.765 0 0 0
1.0101 7.8 3.92286e-11 1 0 0 0 -8.79 0 0 0
1.0101 7.825 3.826e-11 1 0 0 0 -8.815 0 0 0
1.0101 7.85 3.73154e-11 1 0 0 0 -8.84 0 0 0
1.0101 7.875 3.6394e-11 1 0 0 0 -8.865 0 0 0
1.0101 7.9 3.54955e-11 1 0 0 0 -8.89 0 0 0
1.0101 7.925 3.46191e-11 1 0 0 0 -8.915 0 0 0
1.0101 7.95 3.37643e-11 1 0 0 0 -8.94 0 0 0
1.0101 7.975 3.29307e-11 1 0 0 0 -8.965 0 0 0
1.0101 8 3.21176e-11 1 0 0 0 -8.99 0 0 0
1.0101 8.025 3.13246e-11 1 0 0 0 -9.015 0 0 0
1.0101 8.05 3.05512e-11 1 0 0 0 -9.04 0 0 0
1.0101 8.075 2.97969e-11 1 0 0 0 -9.065 0 0 0
1.0101 8.1 2.90612e-11 1 0 0 0 -9.09 0 0 0
1.0101 8.125 2.83437e-11 1 0 0 0 -9.115 0 0 0
1.0101 8.15 2.76439e-11 1 0 0 0 -9.14 0 0 0
1.0101 8.175 2.69614e-11 1 0 0 0 -9.165 0 0 0
1.0101 8.2 2.62957e-11 1 0 0 0 -9.19 0 0 0
1.0101 8.225 2.56464e-11 1 0 0 0 -9.215 0 0 0
1.0101 8.25 2.50132e-11 1 0 0 0 -9.24 0 0 0
1.0101 8.275 2.43957e-11 1 0 0 0 -9.265 0 0 0
1.0101 8.3 2.37933e-11 1 0 0 0 -9.29 0 0 0
1.0101 8.325 2.32059e-11 1 0 0 0 -9.315 0 0 0
1.0101 8.35 2.26329e-11 1 0 0 0 -9.34 0 0 0
1.0101 8.375 2.20741e-11 1 0 0 0 -9.365 0 0 0
1.0101 8.4 2.15291e-11 1 0 0 0 -9.39 0 0 0
1.0101 8.425 2.09975e-11 1 0 0 0 -9.415 0 0 0
1.0101 8.45 2.04791e-11 1 0 0 0 -9.44 0 0 0
1.0101 8.475 1.99735e-11 1 0 0 0 -9.465 0 0 0
1.0101 8.5 1.94803e-11 1 0 0 0 -9.49 0 0 0
1.0101 8.525 1.89994e-11 1 0 0 0 -9.515 0 0 0
1.0101 8.55 1.85303e-11 1 0 0 0 -9.54 0 0 0
1.0101 8.575 1.80727e-11 1 0 0 0 -9.565 0 0 0
1.0101 8.6 1.76265e-11 1 0 0 0 -9.59 0 0 0
1.0101 8.625 1.71913e-11 1 0 0 0 -9.615 0 0 0
1.0101 8.65 1.67669e-11 1 0 0 0 -9.64 0 0 0
1.0101 8.675 1.63529e-11 1 0 0 0 -9.665 0 0 0
1.0101 8.7 1.59491e-11 1 0 0 0 -9.69 0 0 0
1.0101 8.725 1.55554e-11 1 0 0 0 -9.715 0 0 0
1.0101 8.75 1.51713e-11 1 0 0 0 -9.74 0 0 0
1.0101 8.775 1.47967e-11 1 0 0 0 -9.765 0 0 0
1.0101 8.8 1.44314e-11 1 0 0 0 -9.79 0 0 0
1.0101 8.825 1.40751e-11 1 0 0 0 -9.815 0 0 0
1.0101 8.85 1.37276e-11 1 0 0 0 -9.84 0 0 0
1.0101 8.875 1.33886e-11 1 0 0 0 -9.865 0 0 0
1.0101 8.9 1.30581e-11 1 0 0 0 -9.89 0 0 0
1.0101 8.925 1.27356e-11 1 0 0 0 -9.915 0 0 0
1.0101 8.95 1.24212e-11 1 0 0 0 -9.94 0 0 0
1.0101 8.975 1.21145e-11 1 0 0 0 -9.965 0 0 0
1.0101 9 1.18154e-11 1 0 0 0 -9.99 0 0 0
1.0101 9.025 1.15237e-11 1 0 0 0 -10.015 0 0 0
1.0101 9.05 1.12392e-11 1 0 0 0 -10.04 0 0 0
1.0101 9.075 1.09617e-11 1 0 0 0 -10.065 0 0 0
1.0101 9.1 1.0691e-11 1 0 0 0 -10.09 0 0 0
1.0101 9.125 1.04271e-11 1 0 0 0 -10.115 0 0 0
1.0101 9.15 1.01696e-11 1 0 0 0 -10.14 0 0 0
1.0101 9.175 9.91853e-12 1 0 0 0 -10.165 0 0 0
1.0101 9.2 9.67364e-12 1 0 0 0 -10.19 0 0 0
1.0101 9.225 9.4348e-12 1 0 0 0 -10.215 0 0 0
1.0101 9.25 9.20185e-12 1 0 0 0 -10.24 0 0 0
1.0101 9.275 8.97466e-12 1 0 0 0 -10.265 0 0 0
1.0101 9.3 8.75307e-12 1 0 0 0 -10.29 0 0 0
1.0101 9.325 8.53696e-12 1 0 0 0 -10.315 0 0 0
1.0101 9.35 8.32618e-12 1 0 0 0 -10.34 0 0 0
1.0101 9.375 8.12061e-12 1 0 0 0 -10.365 0 0 0
1.0101 9.4 7.92011e-12 1 0 0 0 -10.39 0 0 0
1.0101 9.425 7.72456e-12 1 0 0 0 -10.415 0 0 0
1.0101 9.45 7.53384e-12 1 0 0 0 -10.44 0 0 0
1.0101 9.475 7.34783e-12 1 0 0 0 -10.465 0 0 0
1.0101 9.5 7.16641e-12 1 0 0 0 -10.49 0 0 0
1.0101 9.525 6.98947e-12 1 0 0 0 -10.515 0 0 0
1.0101 9.55 6.8169e-12 1 0 0 0 -10.54 0 0 0
1.0101 9.575 6.64859e-12 1 0 0 0 -10.565 0 0 0
1.0101 9.6 6.48444e-12 1 0 0 0 -10.59 0 0 0
1.0101 9.625 6.32434e-12 1 0 0 0 -10.615 0 0 0
1.0101 9.65 6.16819e-12 1 0 0 0 -10.64 0 0 0
1.0101 9.675 6.01589e-12 1 0 0 0 -10.665 0 0 0
1.0101 9.7 5.86736e-12 1 0 0 0 -10.69 0 0 0
1.0101 9.725 5.7225e-12 1 0 0 0 -10.715 0 0 0
1.0101 9.75 5.58121e-12 1 0 0 0 -10.74 0 0 0
1.0101 9.775 5.44341e-12 1 0 0 0 -10.765 0 0 0
1.0101 9.8 5.30901e-12 1 0 0 0 -10.79 0 0 0
1.0101 9.825 5.17793e-12 1 0 0 0 -10.815 0 0 0
1.0101 9.85 5.05008e-12 1 0 0 0 -10.84 0 0 0
1.0101 9.875 4.9254e-12 1 0 0 0 -10.865 0 0 0
1.0101 9.9 4.80379e-12 1 0 0 0 -10.89 0 0 0
1.0101 9.925 4.68518e-12 1 0 0 0 -10.915 0 0 0
1.0101 9.95 4.56951e-12 1 0 0 0 -10.94 0 0 0
1.0101 9.975 4.45668e-12 1 0 0 0 -10.965 0 0 0
1.0101 10 4.34665e-12 1 0 0 0 -10.99 0 0 0
1.0101 10.025 4.23933e-12 1 0 0 0 -11.015 0 0 0
1.0101 10.05 4.13466e-12 1 0 0 0 -11.04 0 0 0
1.0101 10.075 4.03257e-12 1 0 0 0 -11.065 0 0 0
1.0101 10.1 3.93301e-12 1 0 0 0 -11.09 0 0 0
1.0101 10.125 3.8359e-12 1 0 0 0 -11.115 0 0 0
1.0101 10.15 3.74119e-12 1 0 0 0 -11.14 0 0 0
1.0101 10.175 3.64882e-12 1 0 0 0 -11.165 0 0 0
1.0101 10.2 3.55873e-12 1 0 0 0 -11.19 0 0 0
1.0101 10.225 3.47087e-12 1 0 0 0 -11.215 0 0 0
1.0101 10.25 3.38517e-12 1 0 0 0 -11.24 0 0 0
1.0101 10.275 3.30159e-12 1 0 0 0 -11.265 0 0 0
1.0101 10.3 3.22008e-12 1 0 0 0 -11.29 0 0 0
1.0101 10.325 3.14057e-12 1 0 0 0 -11.315 0 0 0
1.0101 10.35 3.06303e-12 1 0 0 0 -11.34 0 0 0
1.0101 10.375 2.9874e-12 1 0 0 0 -11.365 0 0 0
1.0101 10.4 2.91365e-12 1 0 0 0 -11.39 0 0 0
1.0101 10.425 2.84171e-12 1 0 0 0 -11.415 0 0 0
1.0101 10.45 2.77155e-12 1 0 0 0 -11.44 0 0 0
1.0101 10.475 2.70312e-12 1 0 0 0 -11.465 0 0 0
1.0101 10.5 2.63638e-12 1 0 0 0 -11.49 0 0 0
1.0101 10.525 2.57128e-12 1 0 0 0 -11.515 0 0 0
1.0101 10.55 2.5078e-12 1 0 0 0 -11.54 0 0 0
1.0101 10.575 2.44588e-12 1 0 0 0 -11.565 0 0 0
1.0101 10.6 2.38549e-12 1 0 0 0 -11.59 0 0 0
1.0101 10.625 2.32659e-12 1 0 0 0 -11.615 0 0 0
1.0101 10.65 2.26915e-12 1 0 0 0 -11.64 0 0 0
1.0101 10.675 2.21312e-12 1 0 0 0 -11.665 0 0 0
1.0101 10.7 2.15848e-12 1 0 0 0 -11.69 0 0 0
1.0101 10.725 2.10519e-12 1 0 0 0 -11.715 0 0 0
1.0101 10.75 2.05321e-12 1 0 0 0 -11.74 0 0 0
1.0101 10.775 2.00252e-12 1 0 0 0 -11.765 0 0 0
1.0101 10.8 1.95307e-12 1 0 0 0 -11.79 0 0 0
1.0101 10.825 1.90485e-12 1 0 0 0 -11.815 0 0 0
1.0101 10.85 1.85782e-12 1 0 0 0 -11.84 0 0 0
1.0101 10.875 1.81195e-12 1 0 0 0 -11.865 0 0 0
1.0101 10.9 1.76722e-12 1 0 0 0 -11.89 0 0 0
1.0101 10.925 1.72358e-12 1 0 0 0 -11.915 0 0 0
1.0101 10.95 1.68103e-12 1 0 0 0 -11.94 0 0 0
1.0101 10.975 1.63952e-12 1 0 0 0 -11.965 0 0 0
1.0101 11 1.59904e-12 1 0 0 0 -11.99 0 0 0
1.0101 11.025 1.55956e-12 1 0 0 0 -12.015 0 0 0
1.0101 11.05 1.52106e-12 1 0 0 0 -12.04 0 0 0
1.0101 11.075 1.4835e-12 1 0 0 0 -12.065 0 0 0
1.0101 11.1 1.44687e-12 1 0 0 0 -12.09 0 0 0
1.0101 11.125 1.41115e-12 1 0 0 0 -12.115 0 0 0
1.0101 11.15 1.37631e-12 1 0 0 0 -12.14 0 0 0
1.0101 11.175 1.34233e-12 1 0 0 0 -12.165 0 0 0
1.0101 11.2 1.30919e-12 1 0 0 0 -12.19 0 0 0
1.0101 11.225 1.27686e-12 1 0 0 0 -12.215 0 0 0
1.0101 11.25 1.24534e-12 1 0 0 0 -12.24 0 0 0
1.0101 11.275 1.21459e-12 1 0 0 0 -12.265 0 0 0
1.0101 11.3 1.1846e-12 1 0 0 0 -12.29 0 0 0
1.0101 11.325 1.15535e-12 1 0 0 0 -12.315 0 0 0
1.0101 11.35 1.12683e-12 1 0 0 0 -12.34 0 0 0
1.0101 11.375 1.099e-12 1 0 0 0 -12.365 0 0 0
1.0101 11.4 1.07187e-12 1 0 0 0 -12.39 0 0 0
1.0101 11.425 1.04541e-12 1 0 0 0 -12.415 0 0 0
1.0101 11.45 1.01959e-12 1 0 0 0 -12.44 0 0 0
1.0101 11.475 9.94421e-13 1 0 0 0 -12.465 0 0 0
1.0101 11.5 9.69868e-13 1 0 0 0 -12.49 0 0 0
1.0101 11.525 9.45922e-13 1 0 0 0 -12.515 0 0 0
1.0101 11.55 9.22567e-13 1 0 0 0 -12.54 0 0 0
1.0101 11.575 8.99789e-13 1 0 0 0 -12.565 0 0 0
1.0101 11.6 8.77573e-13 1 0 0 0 -12.59 0 0 0
1.0101 11.625 8.55906e-13 1 0 0 0 -12.615 0 0 0
1.0101 11.65 8.34773e-13 1 0 0 0 -12.64 0 0 0
1.0101 11.675 8.14163e-13 1 0 0 0 -12.665 0 0 0
1.0101 11.7 7.94061e-13 1 0 0 0 -12.69 0 0 0
1.0101 11.725 7.74456e-13 1 0 0 0 -12.715 0 0 0
1.0101 11.75 7.55334e-13 1 0 0 0 -12.74 0 0 0
1.0101 11.775 7.36685e-13 1 0 0 0 -12.765 0 0 0
1.0101 11.8 7.18496e-13 1 0 0 0 -12.79 0 0 0
1.0101 11.825 7.00756e-13 1 0 0 0 -12.815 0 0 0
1.0101 11.85 6.83455e-13 1 0 0 0 -12.84 0 0 0
1.0101 11.875 6.6658e-13 1 0 0 0 -12.865 0 0 0
1.0101 11.9 6.50122e-13 1 0 0 0 -12.89 0 0 0
1.0101 11.925 6.34071e-13 1 0 0 0 -12.915 0 0 0
1.0101 11.95 6.18415e-13 1 0 0 0 -12.94 0 0 0
1.0101 11.975 6.03147e-13 1 0 0 0 -12.965 0 0 0
1.0101 12 5.88255e-13 1 0 0 0 -12.99 0 0 0
1.0101 12.025 5.73731e-13 1 0 0 0 -13.015 0 0 0
1.0101 12.05 5.59565e-13 1 0 0 0 -13.04 0 0 0
1.0101 12.075 5.4575e-13 1 0 0 0 -13.065 0 0 0
1.0101 12.1 5.32275e-13 1 0 0 0 -13.09 0 0 0
1.0101 12.125 5.19133e-13 1 0 0 0 -13.115 0 0 0
1.0101 12.15 5.06316e-13 1 0 0 0 -13.14 0 0 0
1.0101 12.175 4.93815e-13 1 0 0 0 -13.165 0 0 0
1.0101 12.2 4.81622e-13 1 0 0 0 -13.19 0 0 0
1.0101 12.225 4.69731e-13 1 0 0 0 -13.215 0 0 0
